1.070233	1.89E-02
1.063638	1.81E-02
1.055384	1.71E-02
1.046522	1.60E-02
1.037265	1.49E-02
1.027865	1.37E-02
1.018591	1.25E-02
1.009665	1.13E-02
1.001104	1.03E-02
0.992749	9.63E-03
0.9843962	9.22E-03
0.9758935	8.88E-03
0.9671374	8.40E-03
0.9580639	7.66E-03
0.9486062	6.79E-03
0.9386834	6.01E-03
0.9282254	5.37E-03
0.9172054	4.78E-03
0.905675	4.14E-03
0.8937884	3.43E-03
0.8817684	2.70E-03
0.8698638	2.05E-03
0.8582385	1.41E-03
0.8468201	6.27E-04
0.8353288	-4.17E-04
0.8234403	-1.72E-03
0.8109068	-3.27E-03
0.7976327	-5.00E-03
0.7838319	-6.83E-03
0.7699001	-8.70E-03
0.7560806	-1.06E-02
0.7423883	-1.25E-02
0.7286722	-1.46E-02
0.7147914	-1.67E-02
0.7006875	-1.88E-02
0.6863988	-2.10E-02
0.6720255	-2.32E-02
0.6576487	-2.55E-02
0.6433109	-2.77E-02
0.6290212	-2.99E-02
0.6147817	-3.20E-02
0.6005983	-3.42E-02
0.5864816	-3.63E-02
0.5724442	-3.83E-02
0.5584994	-4.03E-02
0.5446606	-4.22E-02
0.5309386	-4.41E-02
0.5173308	-4.59E-02
0.5038173	-4.76E-02
0.4903636	-4.92E-02
0.4769431	-5.07E-02
0.4635762	-5.22E-02
0.4503345	-5.35E-02
0.4373234	-5.47E-02
0.4246019	-5.58E-02
0.4121351	-5.67E-02
0.3998139	-5.75E-02
0.3874773	-5.80E-02
0.3749829	-5.84E-02
0.3622555	-5.87E-02
0.3493036	-5.89E-02
0.3362231	-5.89E-02
0.3231181	-5.89E-02
0.3100447	-5.88E-02
0.297007	-5.85E-02
0.2839724	-5.82E-02
0.2709162	-5.77E-02
0.2578355	-5.71E-02
0.2447495	-5.64E-02
0.2316922	-5.57E-02
0.2186976	-5.48E-02
0.2057964	-5.38E-02
0.193016	-5.28E-02
0.1803847	-5.16E-02
0.1679364	-5.03E-02
0.1557082	-4.90E-02
0.1437421	-4.76E-02
0.1321135	-4.61E-02
0.1209396	-4.45E-02
0.1103438	-4.29E-02
0.1004219	-4.13E-02
9.12E-02	-3.96E-02
8.28E-02	-3.80E-02
7.51E-02	-3.65E-02
6.81E-02	-3.49E-02
6.17E-02	-3.34E-02
5.59E-02	-3.20E-02
5.06E-02	-3.06E-02
4.57E-02	-2.92E-02
4.13E-02	-2.79E-02
3.73E-02	-2.65E-02
3.35E-02	-2.53E-02
3.01E-02	-2.40E-02
2.70E-02	-2.28E-02
2.41E-02	-2.16E-02
2.14E-02	-2.04E-02
1.89E-02	-1.91E-02
1.66E-02	-1.79E-02
1.45E-02	-1.67E-02
1.26E-02	-1.54E-02
1.07E-02	-1.42E-02
9.09E-03	-1.28E-02
7.55E-03	-1.15E-02
6.14E-03	-1.01E-02
4.87E-03	-8.69E-03
3.72E-03	-7.26E-03
2.71E-03	-5.83E-03
1.84E-03	-4.38E-03
1.09E-03	-2.92E-03
4.73E-04	-1.44E-03
-1.68E-05	5.95E-05
-3.77E-04	1.58E-03
-6.15E-04	3.13E-03
-7.35E-04	4.69E-03
-7.41E-04	6.27E-03
-6.32E-04	7.86E-03
-4.08E-04	9.45E-03
-6.62E-05	1.11E-02
3.99E-04	1.26E-02
9.94E-04	1.42E-02
1.73E-03	1.58E-02
2.61E-03	1.73E-02
3.61E-03	1.89E-02
4.73E-03	2.05E-02
5.95E-03	2.20E-02
7.30E-03	2.37E-02
8.76E-03	2.53E-02
1.04E-02	2.70E-02
1.21E-02	2.87E-02
1.40E-02	3.04E-02
1.61E-02	3.22E-02
1.84E-02	3.40E-02
2.08E-02	3.59E-02
2.35E-02	3.79E-02
2.64E-02	4.00E-02
2.96E-02	4.21E-02
3.30E-02	4.44E-02
3.68E-02	4.67E-02
4.09E-02	4.91E-02
4.54E-02	5.16E-02
5.02E-02	5.42E-02
5.55E-02	5.69E-02
6.13E-02	5.97E-02
6.77E-02	6.26E-02
7.46E-02	6.56E-02
8.21E-02	6.87E-02
9.02E-02	7.18E-02
9.89E-02	7.50E-02
0.1081777	7.83E-02
0.1178769	8.15E-02
0.1279603	8.46E-02
0.1383527	8.77E-02
0.1490059	9.07E-02
0.1599074	9.35E-02
0.1710519	9.62E-02
0.1824241	9.89E-02
0.1939963	0.1013498
0.2057276	0.103725
0.2175736	0.1059663
0.2294969	0.1080645
0.2414701	0.1100139
0.2534767	0.1118118
0.2655106	0.1134574
0.2775732	0.1149514
0.2896731	0.1162949
0.3018263	0.1174893
0.3140503	0.1185369
0.3263395	0.1194399
0.3386545	0.120199
0.3509217	0.1208152
0.3630498	0.1212822
0.3749906	0.1215828
0.3867614	0.1217028
0.398434	0.1216275
0.4101249	0.1213449
0.4219532	0.1208647
0.4339962	0.1202001
0.4462784	0.1193663
0.4587568	0.1183836
0.4713447	0.1172631
0.4839745	0.1160086
0.4966161	0.114623
0.5092781	0.1131054
0.521992	0.1114556
0.5347801	0.1096757
0.5476486	0.1077696
0.560586	0.105744
0.5735721	0.103605
0.5865942	0.1013569
0.5996508	9.90E-02
0.6127519	9.65E-02
0.6259083	9.40E-02
0.639116	9.13E-02
0.6523535	8.86E-02
0.6655834	8.57E-02
0.6787797	8.28E-02
0.6919537	7.99E-02
0.7051558	7.68E-02
0.7184636	7.36E-02
0.7318936	7.04E-02
0.7453326	6.71E-02
0.7585392	6.38E-02
0.7712389	6.07E-02
0.7833042	5.76E-02
0.7947518	5.46E-02
0.8056715	5.17E-02
0.8161638	4.87E-02
0.8262117	4.60E-02
0.8356826	4.34E-02
0.8444353	4.13E-02
0.8523968	3.95E-02
0.8596021	3.81E-02
0.8662937	3.72E-02
0.8728519	3.70E-02
0.8796262	3.72E-02
0.8868007	3.73E-02
0.8943785	3.72E-02
0.9022824	3.70E-02
0.9103913	3.67E-02
0.9185478	3.65E-02
0.9265558	3.64E-02
0.9342129	3.64E-02
0.9413662	3.65E-02
0.9479494	3.67E-02
0.9540277	3.67E-02
0.9597499	3.63E-02
0.9652401	3.53E-02
0.9706618	3.39E-02
0.9764233	3.26E-02
0.9829204	3.16E-02
0.9903256	3.06E-02
0.9985731	2.96E-02
1.007474	2.84E-02
1.016883	2.72E-02
1.026689	2.59E-02
1.036578	2.46E-02
1.046195	2.33E-02
1.055264	2.21E-02
1.063602	2.10E-02
1.07021	2.02E-02
