     1.202255    0.000402
     1.202552   -0.001531
     1.203508   -0.004865
     1.205215   -0.008443
     1.207747   -0.012246
     1.212137   -0.015920
     1.214420   -0.017210
     1.215350   -0.017820
     1.215700   -0.018128
     1.215907   -0.018426
     1.215951   -0.018684
     1.215888   -0.018880
     1.215745   -0.019061
     1.215461   -0.019271
     1.215132   -0.019439
     1.214687   -0.019612
     1.214232   -0.019753
     1.213660   -0.019901
     1.213062   -0.020032
     1.212170   -0.020199
     1.211195   -0.020355
     1.210084   -0.020511
     1.208620   -0.020694
     1.206174   -0.020973
     1.200941   -0.021617
     1.198244   -0.022067
     1.195855   -0.022559
     1.193723   -0.023068
     1.190011   -0.024042
     1.186412   -0.024922
     1.182960   -0.025657
     1.178908   -0.026445
     1.173347   -0.027483
     1.168398   -0.028418
     1.163036   -0.029427
     1.157726   -0.030398
     1.152376   -0.031340
     1.146821   -0.032287
     1.141226   -0.033216
     1.135646   -0.034121
     1.130102   -0.034995
     1.124550   -0.035846
     1.118979   -0.036678
     1.113397   -0.037489
     1.107815   -0.038279
     1.102232   -0.039049
     1.096645   -0.039800
     1.091054   -0.040532
     1.085458   -0.041247
     1.079860   -0.041943
     1.074260   -0.042623
     1.068656   -0.043286
     1.063049   -0.043932
     1.057440   -0.044564
     1.051828   -0.045180
     1.046214   -0.045781
     1.040598   -0.046367
     1.034980   -0.046940
     1.029359   -0.047499
     1.023737   -0.048044
     1.018113   -0.048577
     1.012487   -0.049096
     1.006859   -0.049604
     1.001230   -0.050099
     0.995599   -0.050583
     0.989967   -0.051055
     0.984334   -0.051515
     0.978699   -0.051965
     0.973062   -0.052404
     0.967425   -0.052832
     0.961786   -0.053250
     0.956146   -0.053658
     0.950505   -0.054057
     0.944864   -0.054445
     0.939221   -0.054824
     0.933577   -0.055194
     0.927933   -0.055554
     0.922287   -0.055906
     0.916641   -0.056249
     0.910993   -0.056583
     0.905346   -0.056908
     0.899697   -0.057226
     0.894048   -0.057535
     0.888398   -0.057836
     0.882747   -0.058130
     0.877096   -0.058415
     0.871444   -0.058693
     0.865792   -0.058964
     0.860139   -0.059227
     0.854485   -0.059482
     0.848831   -0.059731
     0.843176   -0.059972
     0.837522   -0.060207
     0.831866   -0.060434
     0.826210   -0.060655
     0.820554   -0.060869
     0.814897   -0.061077
     0.809240   -0.061278
     0.803583   -0.061472
     0.797925   -0.061660
     0.792267   -0.061841
     0.786608   -0.062017
     0.780949   -0.062186
     0.775291   -0.062349
     0.769631   -0.062506
     0.763972   -0.062657
     0.758312   -0.062801
     0.752652   -0.062940
     0.746992   -0.063073
     0.741331   -0.063201
     0.735671   -0.063322
     0.730010   -0.063437
     0.724350   -0.063547
     0.718688   -0.063651
     0.713027   -0.063750
     0.707366   -0.063842
     0.701704   -0.063929
     0.696043   -0.064011
     0.690381   -0.064087
     0.684719   -0.064157
     0.679057   -0.064222
     0.673395   -0.064281
     0.667733   -0.064334
     0.662071   -0.064382
     0.656408   -0.064424
     0.650746   -0.064461
     0.645084   -0.064493
     0.639422   -0.064518
     0.633759   -0.064538
     0.628097   -0.064553
     0.622435   -0.064562
     0.616773   -0.064565
     0.611110   -0.064563
     0.605448   -0.064554
     0.599786   -0.064541
     0.594124   -0.064521
     0.588462   -0.064496
     0.582800   -0.064465
     0.577138   -0.064428
     0.571477   -0.064385
     0.565815   -0.064336
     0.560153   -0.064281
     0.554492   -0.064221
     0.548831   -0.064154
     0.543170   -0.064081
     0.537510   -0.064001
     0.531849   -0.063916
     0.526188   -0.063824
     0.520528   -0.063726
     0.514868   -0.063621
     0.509209   -0.063509
     0.503549   -0.063391
     0.497890   -0.063266
     0.492231   -0.063134
     0.486573   -0.062996
     0.480915   -0.062850
     0.475258   -0.062696
     0.469601   -0.062536
     0.463944   -0.062368
     0.458288   -0.062192
     0.452632   -0.062008
     0.446977   -0.061817
     0.441322   -0.061617
     0.435668   -0.061409
     0.430014   -0.061193
     0.424361   -0.060969
     0.418708   -0.060736
     0.413056   -0.060495
     0.407405   -0.060244
     0.401754   -0.059985
     0.396103   -0.059717
     0.390454   -0.059440
     0.384804   -0.059154
     0.379156   -0.058858
     0.373508   -0.058553
     0.367861   -0.058238
     0.362215   -0.057914
     0.356570   -0.057580
     0.350925   -0.057236
     0.345281   -0.056882
     0.339638   -0.056517
     0.333996   -0.056143
     0.328355   -0.055758
     0.322714   -0.055363
     0.317075   -0.054957
     0.311437   -0.054540
     0.305800   -0.054113
     0.300163   -0.053674
     0.294528   -0.053224
     0.288894   -0.052763
     0.283262   -0.052291
     0.277630   -0.051807
     0.272000   -0.051311
     0.266371   -0.050803
     0.260743   -0.050284
     0.255117   -0.049752
     0.249492   -0.049208
     0.243869   -0.048651
     0.238247   -0.048082
     0.232627   -0.047500
     0.227009   -0.046904
     0.221393   -0.046296
     0.215778   -0.045674
     0.210165   -0.045039
     0.204554   -0.044389
     0.198946   -0.043726
     0.193339   -0.043048
     0.187735   -0.042355
     0.182133   -0.041648
     0.176533   -0.040926
     0.170936   -0.040188
     0.165341   -0.039434
     0.159750   -0.038665
     0.154161   -0.037878
     0.148575   -0.037076
     0.142993   -0.036255
     0.137414   -0.035418
     0.131839   -0.034562
     0.126267   -0.033687
     0.120700   -0.032793
     0.115137   -0.031880
     0.109579   -0.030945
     0.104025   -0.029990
     0.098478   -0.029013
     0.092936   -0.028012
     0.087401   -0.026988
     0.081871   -0.025938
     0.076350   -0.024862
     0.070840   -0.023758
     0.065341   -0.022624
     0.059851   -0.021456
     0.054372   -0.020254
     0.048904   -0.019018
     0.043446   -0.017739
     0.038021   -0.016402
     0.032692   -0.015013
     0.027473   -0.013598
     0.022219   -0.012147
     0.017295   -0.010703
     0.012312   -0.008970
     0.007707   -0.006979
     0.004560   -0.005202
     0.002381   -0.003508
     0.000802   -0.001655
    -0.000139    0.000489
    -0.000332    0.002955
     0.000160    0.005687
     0.001329    0.008789
     0.003406    0.012566
     0.006511    0.016764
     0.010065    0.020382
     0.013712    0.023360
     0.017635    0.026071
     0.021972    0.028672
     0.026645    0.031148
     0.031479    0.033437
     0.036399    0.035551
     0.041415    0.037529
     0.046530    0.039393
     0.051721    0.041154
     0.056965    0.042820
     0.062254    0.044401
     0.067583    0.045906
     0.072946    0.047342
     0.078338    0.048716
     0.083754    0.050033
     0.089191    0.051298
     0.094647    0.052515
     0.100120    0.053687
     0.105607    0.054818
     0.111106    0.055911
     0.116618    0.056967
     0.122139    0.057990
     0.127670    0.058981
     0.133210    0.059943
     0.138756    0.060876
     0.144310    0.061782
     0.149871    0.062663
     0.155437    0.063519
     0.161008    0.064353
     0.166584    0.065164
     0.172165    0.065954
     0.177750    0.066723
     0.183340    0.067473
     0.188932    0.068204
     0.194529    0.068916
     0.200128    0.069611
     0.205730    0.070288
     0.211335    0.070948
     0.216943    0.071592
     0.222553    0.072219
     0.228166    0.072831
     0.233780    0.073428
     0.239397    0.074009
     0.245016    0.074576
     0.250636    0.075128
     0.256259    0.075665
     0.261883    0.076189
     0.267508    0.076698
     0.273135    0.077193
     0.278763    0.077675
     0.284393    0.078143
     0.290023    0.078597
     0.295655    0.079037
     0.301288    0.079464
     0.306922    0.079878
     0.312557    0.080278
     0.318193    0.080664
     0.323830    0.081037
     0.329467    0.081396
     0.335106    0.081741
     0.340744    0.082073
     0.346384    0.082391
     0.352024    0.082695
     0.357665    0.082985
     0.363306    0.083261
     0.368948    0.083522
     0.374589    0.083769
     0.380232    0.084001
     0.385874    0.084219
     0.391517    0.084421
     0.397159    0.084607
     0.402802    0.084778
     0.408445    0.084934
     0.414087    0.085073
     0.419729    0.085195
     0.425372    0.085301
     0.431013    0.085389
     0.436655    0.085460
     0.442295    0.085513
     0.447935    0.085547
     0.453575    0.085562
     0.459213    0.085558
     0.464851    0.085534
     0.470487    0.085490
     0.476123    0.085425
     0.481756    0.085338
     0.487388    0.085228
     0.493019    0.085096
     0.498647    0.084939
     0.504273    0.084759
     0.509897    0.084552
     0.515518    0.084320
     0.521136    0.084060
     0.526751    0.083772
     0.532363    0.083455
     0.537970    0.083107
     0.543573    0.082727
     0.549171    0.082314
     0.554764    0.081867
     0.560351    0.081384
     0.565931    0.080863
     0.571504    0.080303
     0.577070    0.079702
     0.582626    0.079057
     0.588173    0.078367
     0.593709    0.077630
     0.599233    0.076842
     0.604743    0.076001
     0.610239    0.075104
     0.615718    0.074149
     0.621178    0.073131
     0.626618    0.072046
     0.632034    0.070892
     0.637424    0.069663
     0.642785    0.068355
     0.648112    0.066963
     0.653403    0.065481
     0.658650    0.063904
     0.663850    0.062225
     0.668996    0.060438
     0.674083    0.058537
     0.679103    0.056513
     0.684045    0.054362
     0.688900    0.052076
     0.693669    0.049646
     0.698355    0.047063
     0.702942    0.044329
     0.707409    0.041460
     0.711778    0.038445
     0.716150    0.035241
     0.720626    0.031885
     0.725063    0.028638
     0.729279    0.025804
     0.733454    0.023383
     0.737933    0.021166
     0.742894    0.018861
     0.748071    0.016453
     0.753147    0.014159
     0.758217    0.011969
     0.763333    0.009861
     0.768424    0.007886
     0.773506    0.006068
     0.778622    0.004432
     0.783745    0.003026
     0.788826    0.001900
     0.793854    0.001072
     0.798906    0.000514
     0.804093    0.000190
     0.809470    0.000042
     0.815019    0.000001
     0.820691    0.000001
     0.826394    0.000001
     0.832101    0.000000
     0.837833   -0.000000
     0.843572   -0.000000
     0.849324   -0.000000
     0.855088    0.000000
     0.860840    0.000000
     0.866570    0.000000
     0.872281   -0.000000
     0.877968   -0.000000
     0.883641   -0.000000
     0.889316   -0.000000
     0.894991   -0.000000
     0.900662    0.000000
     0.906335    0.000000
     0.912007    0.000000
     0.917677   -0.000000
     0.923348   -0.000001
     0.929017   -0.000001
     0.934685    0.000001
     0.940350    0.000003
     0.946012    0.000002
     0.951668   -0.000005
     0.957319   -0.000012
     0.962957   -0.000007
     0.968572    0.000024
     0.974148    0.000097
     0.979684    0.000230
     0.985191    0.000437
     0.990690    0.000723
     0.996193    0.001087
     1.001698    0.001529
     1.007201    0.002045
     1.012702    0.002633
     1.018207    0.003289
     1.023724    0.004004
     1.029262    0.004768
     1.034826    0.005571
     1.040417    0.006399
     1.046026    0.007240
     1.051638    0.008080
     1.057243    0.008909
     1.062839    0.009719
     1.068431    0.010506
     1.074019    0.011266
     1.079606    0.011996
     1.085193    0.012696
     1.090784    0.013366
     1.096380    0.014005
     1.101981    0.014615
     1.107580    0.015194
     1.113169    0.015743
     1.118755    0.016264
     1.124360    0.016758
     1.130008    0.017231
     1.135664    0.017682
     1.141231    0.018104
     1.146677    0.018490
     1.152155    0.018846
     1.157587    0.019179
     1.162778    0.019501
     1.168419    0.019875
     1.172960    0.020163
     1.176942    0.020359
     1.180770    0.020450
     1.184997    0.020446
     1.187725    0.020488
     1.190322    0.020615
     1.193418    0.020891
     1.199499    0.021746
     1.201677    0.022087
     1.203637    0.022381
     1.205067    0.022576
     1.206080    0.022698
     1.207253    0.022813
     1.208101    0.022870
     1.208792    0.022892
     1.209435    0.022880
     1.210002    0.022827
     1.210464    0.022727
     1.210764    0.022600
     1.210968    0.022430
     1.211071    0.022173
     1.211002    0.021819
     1.210730    0.021377
     1.209869    0.020437
     1.207810    0.018477
     1.204587    0.014009
     1.203021    0.009707
     1.202212    0.005776
     1.202084    0.002346
     1.202255    0.000402
