0.9979333911747910	-0.0642568811753331
0.9899261935338250	-0.0641605542606222
0.9813587578473820	-0.0642054058973350
0.9722507386833420	-0.0643753595902112
0.9626218353002890	-0.0646550682184954
0.9524917813216420	-0.0650299005628808
0.9418803344098000	-0.0654859278324531
0.9308072659402820	-0.0660099101916338
0.9192923506758660	-0.0665892832871244
0.9073553564407260	-0.0672121447748497
0.8950160337945780	-0.0678672408469017
0.8822941057068140	-0.0685439527584834
0.8692092572306460	-0.0692322833548520
0.8557811251772440	-0.0699228435982634
0.8420292877898750	-0.0706068390949149
0.8279732544180450	-0.0712760566218900
0.8136324551916390	-0.0719228506541012
0.7990262306950570	-0.0725401298912341
0.7841738216413580	-0.0731213437846911
0.7690943585464010	-0.0736604690645350
0.7538068514029790	-0.0741519962664328
0.7383301793549650	-0.0745909162585991
0.7226830803714470	-0.0749727067687405
0.7068841409208720	-0.0752933189109982
0.6909517856451840	-0.0755491637128930
0.6749042670339620	-0.0757370986422679
0.6587596550985630	-0.0758544141342323
0.6425358270462630	-0.0758988201181056
0.6262504569543910	-0.0758684325443612
0.6099210054444740	-0.0757617599115696
0.5935647093563760	-0.0755776897933426
0.5771985714224380	-0.0753154753652768
0.5608393499416130	-0.0749747219318971
0.5445035484536160	-0.0745553734536010
0.5282074054130540	-0.0740576990736017
0.5119668838635700	-0.0734822796448720
0.4957976611119850	-0.0728299942570881
0.4797151184024330	-0.0721020067635732
0.4637343305905070	-0.0712997523082412
0.4478700558173900	-0.0704249238525403
0.4321367251840070	-0.0694794587023971
0.4165484324251520	-0.0684655250351596
0.4011189235836390	-0.0673855084265417
0.3858615866844330	-0.0662419983775664
0.3707894414087970	-0.0650377748415093
0.3559151287684270	-0.0637757947508431
0.3412509007795940	-0.0624591785441804
0.3268086101372850	-0.0610911966932181
0.3125996998893380	-0.0596752562296805
0.2986351931105890	-0.0582148872722635
0.2849256825770060	-0.0567137295535781
0.2714813204398320	-0.0551755189470940
0.2583118078997240	-0.0536040739940836
0.2454263848808920	-0.0520032824305651
0.2328338197052410	-0.0503770877142470
0.2205423987665090	-0.0487294755514711
0.2085599162044070	-0.0470644604241567
0.1968936635787620	-0.0453860721167440
0.1855504195436500	-0.0436983422431379
0.1745364395215450	-0.0420052907736516
0.1638574453774500	-0.0403109125619505
0.1535186150930440	-0.0386191638719957
0.1435245724408170	-0.0369339489049879
0.1338793766582130	-0.0352591063263108
0.1245865121217680	-0.0335983957924752
0.1156488780212510	-0.0319554844780622
0.1070687780338030	-0.0303339336026675
0.0988479099980776	-0.0287371849578446
0.0909873555883807	-0.0271685474340485
0.0834875699888102	-0.0256311835475799
0.0763483715673962	-0.0241280959675284
0.0695689315502406	-0.0226621140427164
0.0631477636956572	-0.0212358803286428
0.0570827139683113	-0.0198518371144266
0.0513709502133599	-0.0185122129497506
0.0460089518305916	-0.0172190091718054
0.0409924994485663	-0.0159739864322327
0.0363166645987549	-0.0147786512240691
0.0319757993896798	-0.0136342424086900
0.0279635261810544	-0.0125417177427531
0.0242727272579227	-0.0115017404051422
0.0208955345048000	-0.0105146655239108
0.0178233190798118	-0.0095805267032259
0.0150466810888347	-0.0086990225503115
0.0125554392596354	-0.0078695032023927
0.0103386206160113	-0.0070909568536390
0.0083844501519297	-0.0063619962821081
0.0066803405056684	-0.0056808453766899
0.0052128816339551	-0.0050453256640496
0.0039678304861075	-0.0044528428355720
0.0029301006781730	-0.0039003732743049
0.0020837521670690	-0.0033844505819028
0.0014119809247221	-0.0029011521055706
0.0008971086122089	-0.0024460854650074
0.0005205722538950	-0.0020143750793501
0.0002629139115754	-0.0016006486941172
0.0001037703586144	-0.0011990239081524
0.0000218627540852	-0.0008030947005684
-0.0000050136830900	-0.0004059179576904
0.0000000000000000	0.0000000000000000
0.0005735352765736	0.0042973429056791
0.0020046170644240	0.0083413347022680
0.0042762991554052	0.0121464898041648
0.0073700311331820	0.0157262540716498
0.0112657666114890	0.0190930586906579
0.0159420692493836	0.0222583728659655
0.0213762165434905	0.0252327553277926
0.0275443013972417	0.0280259046518202
0.0344213314671082	0.0306467083926221
0.0419813262858257	0.0331032910305128
0.0501974121626136	0.0354030607318095
0.0590419148603870	0.0375527549225091
0.0684864500499626	0.0395584846753817
0.0785020115412570	0.0414257779104769
0.0890590572914795	0.0431596214090472
0.1001275931903170	0.0447645016408852
0.1116772546221130	0.0462444444050762
0.1236773858050400	0.0476030532841662
0.1360971169072650	0.0488435469117443
0.1489054389401080	0.0499687950534409
0.1620712764281920	0.0509813535013400
0.1755635578565930	0.0518834977818075
0.1893512838949750	0.0526772556767340
0.2034035933987230	0.0533644385581930
0.2176898271870670	0.0539466715365136
0.2321795895982050	0.0544254224217689
0.2468428078214100	0.0548020294986787
0.2616497890061360	0.0550777281149285
0.2765712751481220	0.0552536760829019
0.2915784957524750	0.0553309778948293
0.3066432182737630	0.0553107077513514
0.3217377963330890	0.0551939314034972
0.3368352157121650	0.0549817268080777
0.3519091381243760	0.0546752035964944
0.3669339427628390	0.0542755213569627
0.3818847656254550	0.0537839067301507
0.3967375366169540	0.0532016693182328
0.4114690144279320	0.0525302164073582
0.4260568191908870	0.0517710665035348
0.4404794629132360	0.0509258616819281
0.4547163776873440	0.0499963787495749
0.4687479416775270	0.0489845392215123
0.4825555028840590	0.0478924181103215
0.4961214006841750	0.0467222515290870
0.5094289851500570	0.0454764431077706
0.5224626341438200	0.0441575692230003
0.5352077681894940	0.0427683830412748
0.5476508631219890	0.0413118173755823
0.5597794605130690	0.0397909863554353
0.5715821758743000	0.0382091859103192
0.5830487046370100	0.0365698930665575
0.5941698259092280	0.0348767640575902
0.6049374040096260	0.0331336312476691
0.6153443877784480	0.0313444988689672
0.6253848076654370	0.0295135375721026
0.6350537705947500	0.0276450777900788
0.6443474526068720	0.0257436019156393
0.6532630892775230	0.0238137352920369
0.6617989639135480	0.0218602360172187
0.6699543935258170	0.0198879835614259
0.6777297125791060	0.0179019661982089
0.6851262545189730	0.0159072672488566
0.6921463310756330	0.0139090501402421
0.6987932093448220	0.0119125422760819
0.7050710866456520	0.0099230177216119
0.7109850631554650	0.0079457787016766
0.7165411123216790	0.0059861359122349
0.7217460490506200	0.0040493876452799
0.7266074956733610	0.0021407977271746
0.7311338456885390	0.0002655722704018
0.7353342252821780	-0.0015711647612704
0.7392184526244990	-0.0033643971742082
0.7427969949437240	-0.0051092433529164
0.7460809233768720	-0.0068009842546283
0.7490818655975550	-0.0084350925904798
0.7518119562207560	-0.0100072631932689
0.7542837849846130	-0.0115134445718002
0.7565103427091830	-0.0129498716518139
0.7585049650322170	-0.0143130997035002
0.7602812739219050	-0.0156000394555984
0.7618531169666360	-0.0168079933960811
0.7632345044417400	-0.0179346932594233
0.7644395441532230	-0.0189783387004563
0.7654823740585020	-0.0199376371548070
0.7663770926641260	-0.0208118448859213
0.7671376872004970	-0.0216008092186736
0.7677779595735750	-0.0223050119595601
0.7683114500935900	-0.0229256140034778
0.7687513589807350	-0.0234645011270884
0.7691104656478530	-0.0239243309687667
0.7694010457601320	-0.0243085811951343
0.7696347860717710	-0.0246215988541784
0.7698226970396580	-0.0248686509149549
0.7699750232140320	-0.0250559759938773
0.7701011514061400	-0.0251908372675900
0.7702095166328880	-0.0252815765724265
0.7703075058384840	-0.0253376696904529
0.7704013593930800	-0.0253697828220962
0.7704960703683940	-0.0253898302453573
0.7706735197991110	-0.0254239649729925
0.7708484314803690	-0.0254591825896424
0.7710254479711630	-0.0254972955915366
0.7712089254079870	-0.0255399995533382
0.7714029395432350	-0.0255888756321638
0.7716112917835880	-0.0256453930716031
0.7718375152284100	-0.0257109117057390
0.7720848807081440	-0.0257866844631673
0.7723564028227030	-0.0258738598710165
0.7726548459798660	-0.0259734845589680
0.7729827304336690	-0.0260865057632756
0.7733423383228020	-0.0262137738307854
0.7737357197090030	-0.0263560447229560
0.7741646986154470	-0.0265139825198777
0.7746308790651450	-0.0266881619242933
0.7751356511193360	-0.0268790707656170
0.7756801969158800	-0.0270871125039548
0.7762654967076550	-0.0273126087341244
0.7768923349009450	-0.0275558016896748
0.7775613060938400	-0.0278168567469061
0.7782728211146270	-0.0280958649288899
0.7790271130601830	-0.0283928454094884
0.7798242433343690	-0.0287077480173749
0.7806641076864280	-0.0290404557400533
0.7815464422493730	-0.0293907872278781
0.7824708295783840	-0.0297584992980743
0.7834367046892010	-0.0301432894387570
0.7844433610965180	-0.0305447983129516
0.7854899568523780	-0.0309626122626135
0.7865755205845650	-0.0313962658126479
0.7876989575349980	-0.0318452441749296
0.7888590555981270	-0.0323089857523234
0.7900544913593230	-0.0327868846427031
0.7912838361332760	-0.0332782931429720
0.7925455620023860	-0.0337825242530826
0.7938380478551590	-0.0342988541800564
0.7951595854245990	-0.0348265248420037
0.7965083853266010	-0.0353647463721435
0.7978825830983480	-0.0359126996228237
0.7992802452367020	-0.0364695386695403
0.8006993752366010	-0.0370343933149579
0.8021379196294500	-0.0376063715929292
0.8035937740215130	-0.0381845622725148
0.8050647891323130	-0.0387680373620033
0.8065487768330210	-0.0393558546129312
0.8080435161848510	-0.0399470600241025
0.8095467594774540	-0.0405406903456085
0.8110562382673120	-0.0411357755828483
0.8125696694161330	-0.0417313415005477
0.8140847611292400	-0.0423264121267798
0.8155992189939730	-0.0429200122569848
0.8171107520180750	-0.0435111699579893
0.8186170786680890	-0.0440989190720268
0.8201159329077550	-0.0446823017207572
0.8216050702363960	-0.0452603708092868
0.8230822737273210	-0.0458321925301882
0.8245453600662120	-0.0463968488675198
0.8259921855895210	-0.0469534401008463
0.8274206523228620	-0.0475010873092579
0.8288287140194080	-0.0480389348753906
0.8302143821982810	-0.0485661529894460
0.8315757321829490	-0.0490819401532110
0.8329109091396150	-0.0495855256840775
0.8342181341156210	-0.0500761722190630
0.8354957100778280	-0.0505531782188295
0.8367420279510210	-0.0510158804717040
0.8379555726562970	-0.0514636565976982
0.8391349291494630	-0.0518959275525284
0.8402787884594250	-0.0523121601316351
0.8413859537265850	-0.0527118694742031
0.8424553462412350	-0.0530946215671816
0.8434860114819500	-0.0534600357493033
0.8444771251539790	-0.0538077872151052
0.8454279992276460	-0.0541376095189476
0.8463380879767370	-0.0544492970790347
0.8472069940168970	-0.0547427076814340
0.8480344743440220	-0.0550177649840960
0.8488204463726560	-0.0552744610208748
0.8495649939743810	-0.0555128587055471
0.8502683735162150	-0.0557330943358327
0.8509310198990000	-0.0559353800974140
0.8515535525958040	-0.0561200065679561
0.8521367816903060	-0.0562873452211263
0.8526817139151960	-0.0564378509306145
0.8531895586905680	-0.0565720644741524
0.8536617341623100	-0.0566906150375340
0.8540998732405030	-0.0567942227186351
0.8545058296378110	-0.0568837010314331
0.8548816839078770	-0.0569599594100273
0.8552297494837150	-0.0570240057126581
0.8555525787161080	-0.0570769487257273
0.8558529689119940	-0.0571200006678181
0.8561339683728690	-0.0571544796937145
0.8563988824331740	-0.0571818123984215
0.8566512794986920	-0.0572035363211847
0.8568949970849410	-0.0572213024495106
0.8571341478555680	-0.0572368777231858
0.8573731256607430	-0.0572521475382975
0.8576166115755530	-0.0572691182512531
0.8580151619093070	-0.0573030101711518
0.8584049762095570	-0.0573439675243309
0.8587892112394760	-0.0573916573343738
0.8591709302815800	-0.0574457523588989
0.8595531031377240	-0.0575059310895596
0.8599386061291020	-0.0575718777520444
0.8603302220962510	-0.0576432823060770
0.8607306403990460	-0.0577198404454159
0.8611424569167030	-0.0578012535978550
0.8615681740477780	-0.0578872289252230
0.8620102007101680	-0.0579774793233837
0.8624708523411090	-0.0580717234222361
0.8629523508971790	-0.0581696855857143
0.8634568248542940	-0.0582710959117871
0.8639863092077120	-0.0583756902324588
0.8645427454720310	-0.0584832101137686
0.8651279816811880	-0.0585934028557907
0.8657437723884620	-0.0587060214926345
0.8663917786664700	-0.0588208247924444
0.8670735681071720	-0.0589375772573997
0.8677906148218670	-0.0590560491237151
0.8685442994411920	-0.0591760163616402
0.8693359091151290	-0.0592972606754595
0.8701666375129950	-0.0594195695034929
0.8710375848234510	-0.0595427360180952
0.8719497577544980	-0.0596665591256562
0.8729040695334750	-0.0597908434666008
0.8739013399070620	-0.0599153994153891
0.8749422951412810	-0.0600400430805161
0.8760275680214920	-0.0601645963045119
0.8771576978523960	-0.0602888866639419
0.8783331304580360	-0.0604127474694061
0.8795542181817920	-0.0605360177655401
0.8808212198863870	-0.0606585423310141
0.8821343009538820	-0.0607801716785336
0.8834935332856810	-0.0609007620548393
0.8848988953025250	-0.0610201754407066
0.8863502719444970	-0.0611382795509464
0.8878474546710210	-0.0612549478344042
0.8893901414608600	-0.0613700594739610
0.8909779368121180	-0.0614834993865326
0.8926103517422370	-0.0615951582230699
0.8942868037880030	-0.0617049323685589
0.8960066170055390	-0.0618127239420208
0.8977690219703110	-0.0619184407965117
0.8995731557771220	-0.0620219965191228
0.9014180620401170	-0.0621233104309804
0.9033026908927830	-0.0622223075872458
0.9052258989879440	-0.0623189187771154
0.9071864494977660	-0.0624130805238207
0.9091830121137560	-0.0625047350846283
0.9112141630467580	-0.0625938304508398
0.9132783850269590	-0.0626803203477918
0.9153740673038880	-0.0627641642348562
0.9174995056464090	-0.0628453273054398
0.9196529023427300	-0.0629237804869843
0.9218323662003980	-0.0629995004409668
0.9240359125463020	-0.0630724695628993
0.9262614632266690	-0.0631426759823289
0.9285068466070660	-0.0632101135628377
0.9307697975724030	-0.0632747819020430
0.9330479575269280	-0.0633366863315970
0.9353388743942280	-0.0633958379171871
0.9376400026172350	-0.0634522534585358
0.9399487031582160	-0.0635059554894005
0.9422622434987810	-0.0635569722775737
0.9445777976398800	-0.0636053378248832
0.9468924461018040	-0.0636510918671915
0.9492031759241810	-0.0636942798743966
0.9515068806659820	-0.0637349530504310
0.9538003604055190	-0.0637731683332629
0.9560803217404410	-0.0638089883948951
0.9583433777877410	-0.0638424816413657
0.9605860481837490	-0.0638737222127477
0.9628047590841370	-0.0639027899831494
0.9649958431639170	-0.0639297705607139
0.9671555396174420	-0.0639547552876196
0.9692799941584020	-0.0639778412400798
0.9713652590198320	-0.0639991312283430
0.9734072929541020	-0.0640187337966926
0.9754019612329280	-0.0640367632234472
0.9773450356473610	-0.0640533395209605
0.9792321945077960	-0.0640685884356211
0.9810590226439660	-0.0640826414478529
0.9828210114049450	-0.0640956357721146
0.9845135586591480	-0.0641077143569002
0.9861319687943280	-0.0641190258847386
0.9876714527175800	-0.0641297247721939
0.9891271278553400	-0.0641399711698652
0.9904940181533820	-0.0641499309623866
0.9917670540768220	-0.0641597757684275
0.9929410726101160	-0.0641696829406920
0.9940108172570590	-0.0641798355659196
0.9949709380407870	-0.0641904224648847
0.9958159915037770	-0.0642016381923968
0.9965404407078460	-0.0642136830373006
0.9971386552341500	-0.0642267630224755
0.9976049111831860	-0.0642410899048365
0.9979333911747910	-0.0642568811753331
