1,1.38777878078145e-17
0.992003160437231,-0.000418389702704108
0.983456312315278,-0.00101366534550971
0.974378036558271,-0.00176852071575073
0.964787005556018,-0.00266637459624883
0.954701971993737,-0.00369135798360897
0.944141757681805,-0.00482830130651403
0.9331252423855,-0.00606272164401914
0.921671352654744,-0.00738080994384712
0.909799050653842,-0.00876941824068303
0.897527322991232,-0.0102160468744688
0.88487516954922,-0.0117088317086985
0.87186159231373,-0.0132365313487123
0.858505584204041,-0.0147885143599925
0.844826117902532,-0.0163547464864569
0.830842134684427,-0.017925777868755
0.816572533247536,-0.0194927302625616
0.802036158541994,-0.0210472842568725
0.78725179060001,-0.0225816664922989
0.77223813336561,-0.0240886368793621
0.757013803524373,-0.0255614758167885
0.74159731933318,-0.0269939714098043
0.726007089449955,-0.0283804066884306
0.710261401763405,-0.0297155468257776
0.694378412222771,-0.03099462635634
0.678376133667559,-0.0322133363942915
0.662272424657293,-0.0333678118517797
0.646084978301254,-0.0344546186572205
0.62983131108822,-0.0354707409735939
0.613528751716214,-0.0364135684167377
0.597194429922245,-0.037280883273643
0.580845265312049,-0.0380708477207485
0.564497956189831,-0.0387819910422358
0.548168968388015,-0.0394131968483238
0.531874524096978,-0.0399636902935639
0.515630590694796,-0.0404330252951345
0.499452869576991,-0.0408210717511356
0.483356784986266,-0.0411280027588843
0.467357472842258,-0.0413542818332089
0.451469769571266,-0.0415006501247441
0.435708200936011,-0.0415681136382257
0.420086970865366,-0.0415579304507851
0.404619950284107,-0.0414715979302448
0.389320665942646,-0.0413108399534128
0.374202289246786,-0.0410775941243767
0.359277625087456,-0.0407739989928001
0.344559100670455,-0.0404023812722159
0.330058754346196,-0.039965243058322
0.315788224439447,-0.0394652490472757
0.301758738079078,-0.0389052137539883
0.287981100027798,-0.0382880887304208
0.274465681511902,-0.0376169497838776
0.261222409051014,-0.0368949841953022
0.248260753287826,-0.0361254779375712
0.235589717817845,-0.0353118028937898
0.223217828019133,-0.0344574040755861
0.21115311988205,-0.0335657868414064
0.199403128839003,-0.0326405041148095
0.187974878594176,-0.0316851436027617
0.176874869953287,-0.0307033150139317
0.166109069653319,-0.0296986372769853
0.155682899192272,-0.0286747257588802
0.1456012236589,-0.027635179483161
0.135868340562456,-0.0265835683482534
0.126487968662434,-0.02552342034576
0.117463236798314,-0.0244582087787539
0.108796672719301,-0.0233913394800747
0.100490191914072,-0.0223261380306226
0.0925450864405154,-0.0212658369776528
0.0849620137554761,-0.0202135630530716
0.0777409855444972,-0.0191723243917301
0.0708813565515632,-0.0181449977497191
0.0643818134088427,-0.0171343157226647
0.0582403634664313,-0.016142853964022
0.0524543236220942,-0.0151730184033707
0.0470203091510096,-0.0142270324647096
0.0419342225355109,-0.0133069242847517
0.0371912422948297,-0.0124145139312181
0.0327858118148389,-0.0115514006211342
0.0287116281777953,-0.0107189499391233
0.0249616309920823,-0.00991828105570206
0.0215279912219532,-0.00915025394557496
0.0184021000172732,-0.00841545660592935
0.0155745575432633,-0.00771419227472995
0.0130351618102421,-0.00704646664901412
0.0107728975033695,-0.00641197510318621
0.00877592481238853,-0.0058100899073125
0.00703156826136939,-0.00523984744541629
0.00552630553845129,-0.00469993543377209
0.00424575632558576,-0.00418868013920107
0.00317467112827919,-0.00370403359736549
0.0022969201053361,-0.00324356083106356
0.00159548189860126,-0.00280442706852425
0.00105243246270343,-0.00238338496170213
0.000648933894797294,-0.00197676180457213
0.000365223264306809,-0.00158044675142444
0.000180601442668025,-0.00118987803515917
7.34219330716276e-05,-0.000800030185581309
2.10797002059665e-05,-0.000405401247695291
0,0
0.000296216151049582,0.00432531556702193
0.00146448615230018,0.00845290686686901
0.00348696616578779,0.0123961694078393
0.006344280122585,0.0161673292709812
0.0100156242752277,0.019777503833571
0.0144788696079761,0.0232367611656125
0.0197106621049079,0.0265541780993611
0.0256865208758467,0.0297378969718724
0.032380934140123,0.032795181040573
0.0397674530681693,0.0357324685718569
0.0478187834809487,0.038555425602704
0.0565068754072172,0.0412689973753234
0.0658030104986199,0.0438774584448205
0.0756778873026199,0.0463844614598872
0.0861017043932627,0.0487930846165164
0.0970442413597716,0.0511058777847404
0.10847493765298,0.0533249073083923
0.120362969289593,0.0554517994778925
0.132677323414289,0.0574877826760575
0.145386870719649,0.0594337281969338
0.158460435723919,0.0612901897376539
0.171866864906615,0.0630574415633187
0.18557509270195,0.0647355153449009
0.199554205350104,0.0663242356701738
0.213773502606318,0.0678232542276638
0.228202557307835,0.0692320826636258
0.242811272798663,0.0705501241120433
0.257569938212174,0.071776703397652
0.272449281611542,0.072911095911987
0.287420520988009,0.0739525551624536
0.302455413116986,0.0749003389944228
0.31752630027199,0.0757537344863496
0.332606154796412,0.0765120815179152
0.34766862153312,0.0771747950111937
0.362688058111893,0.0777413858448418
0.377639573094696,0.0782114804413128
0.392499061978779,0.0785848390270939
0.407243241057613,0.0788613725659677
0.421849679139669,0.0790411583652973
0.436296827125009,0.0791244543553352
0.45056404543974,0.0791117120415561
0.464631629328273,0.0790035881300132
0.478480832003431,0.0788009548257182
0.492093885654398,0.0785049088040462
0.505454020312476,0.0781167788551627
0.518545480574703,0.0776381322014753
0.531353540185289,0.0770707794881094
0.543864514474888,0.0764167784464068
0.556065770657712,0.0756784362304498
0.567945735986461,0.0748583104266062
0.579493903765108,0.0739592087361015
0.590700837219503,0.0729841873306117
0.601558171225812,0.0719365478808825
0.612058611896799,0.0708198332583707
0.62219593402593,0.0696378219099095
0.631964976389317,0.0683945209053984
0.641361634905496,0.0670941576585161
0.650382853653038,0.065741170320458
0.659026613745987,0.0643401968466958
0.667291920067146,0.062896062736763
0.675178785859181,0.0614137674470634
0.682688215173568,0.0598984694767019
0.689822183177373,0.0583554701263417
0.696583614317864,0.0567901959300834
0.702976358344952,0.0552081797603684
0.709005164191477,0.053615040605906
0.714675651711318,0.0520164620226249
0.719994281275337,0.0504181692576473
0.724968321225164,0.0488259050462882
0.729605813184808,0.0472454040820769
0.733915535230104,0.0456823661598037
0.737906962915998,0.0441424279915896
0.741590228161659,0.0426311336959803
0.744976075993426,0.0411539039600629
0.748075819145597,0.0397160038746081
0.750901290519033,0.0383225094422344
0.753464793497621,0.0369782727585972
0.755779050122545,0.0356878858666016
0.757857147124415,0.0344556432836385
0.759712479813206,0.0332855032018449
0.761358693826048,0.0321810473613876
0.762809624732844,0.0311454395967712
0.764079235499718,0.0301813830561693
0.765181551810304,0.02929107609378
0.766130595244863,0.0284761668352048
0.766940314317234,0.0277377064158516
0.767624513369619,0.0270761008923608
0.768196779325211,0.0264910618270568
0.768670406298636,0.0259815555454209
0.769058318064244,0.0255457510665898
0.769372988382236,0.0251809667068777
0.769626359182607,0.0248836153563211
0.769829756606943,0.0246491484282488
0.769993804908038,0.0244719984818743
0.770128338207351,0.0243455205179132
0.770242310110294,0.0242619319472235
0.770343701179353,0.0242122512324703
0.770439424265049,0.0241862352028138
0.77053522769472,0.0241723150416213
0.770714503798015,0.0241496532040997
0.770891316979457,0.0241257476476059
0.771070416669043,0.0240990879379928
0.771256258953176,0.0240682619164319
0.771453012761489,0.0240319535885771
0.771664566053654,0.0239889410137279
0.771894532006197,0.0239380941939926
0.772146255199318,0.0238783729634516
0.772422817803702,0.0238088248773213
0.772727045767339,0.0237285831011166
0.773061515002331,0.0236368642998145
0.773428557571718,0.0235329665270179
0.773830267876288,0.0234162671141183
0.774268508841388,0.0232862205594597
0.774744918103747,0.0231423564175009
0.775260914198288,0.0229842771879803
0.775817702744943,0.022811656205078
0.776416282635471,0.0226242355265797
0.777057452220266,0.0224218238230399
0.777741815495183,0.0222042942669453
0.778469788288345,0.0219715824218779
0.779241604446963,0.0217236841316786
0.780057322024146,0.0214606534096103
0.780916829465726,0.0211826003275214
0.781819851797061,0.0208896889050092
0.782765956809861,0.0205821349985826
0.783754561248998,0.0202602041908265
0.784784936999319,0.0199242096795641
0.785856217272471,0.0195745101670207
0.786967402793704,0.0192115077489873
0.788117367988696,0.0188356458039834
0.789304867170365,0.0184474068824202
0.79052854072568,0.0180473105957649
0.791786921302484,0.0176359115057028
0.793078439996305,0.0172137970133016
0.794401432537173,0.016781585248174
0.795754145476434,0.0163399229576417
0.797134742373563,0.0158894833958983
0.798541309982986,0.0154309642131723
0.799971864440889,0.0149650853448913
0.801424357452038,0.0144925869008448
0.802896682476592,0.0140142270543473
0.804386680916914,0.0135307799314022
0.805892148304399,0.0130430334998647
0.807410840486273,0.0125517874586052
0.808940479812423,0.0120578511266728
0.810478761322203,0.0115620413324585
0.81202335893125,0.0110651803028584
0.813571931618309,0.0105680935524373
0.815122129612031,0.0100716077725918
0.816671600577808,0.00957654872071377
0.818217995804572,0.00908373910935358
0.819758976391619,0.00859399649538334
0.821292219435425,0.00810813116916064
0.822815424216453,0.00762694404369121
0.824326318385981,0.00715122454379283
0.825822664152904,0.00668174849525855
0.827302264470561,0.00621927601401957
0.828762969223542,0.00576454939530919
0.830202681414507,0.00531829100282578
0.831619363351001,0.00488120115789597
0.83301104283227,0.00445395602863839
0.834375819336073,0.00403720551912675
0.835711870205504,0.00363157115855316
0.8370174568358,0.00323764399039145
0.83829093086116,0.00285598246156064
0.839530740341559,0.00248711031158801
0.840735435949568,0.00213151446177267
0.841903677157163,0.00178964290434883
0.843034238422541,0.00146190259164904
0.84412601537694,0.00114865732526741
0.845178031011453,0.00085022564522351
0.846189441863837,0.000566878719124635
0.847159544205339,0.000298838231330437
0.848087780227502,4.62742721150586e-05
0.848973744228985,-0.000190696773168818
0.849817188802377,-0.000412014334926707
0.850618031021014,-0.000617675770159427
0.851376358625791,-0.000807738473299249
0.852092436211982,-0.00098232198704689
0.852766711416049,-0.00114161011320821
0.853399821102468,-0.00128585302353063
0.853992597550529,-0.00141536937053997
0.854546074641164,-0.00153054839837734
0.855061494043761,-0.00163185205363511
0.855540311402971,-0.00171981709619456
0.855984202525531,-0.00179505721006182
0.856395069567079,-0.00185826511420473
0.856775047218966,-0.00191021467338987
0.857126508895071,-0.00195176300901858
0.857452072918623,-0.00198385260996393
0.857754608709006,-0.00200751344340798
0.858037242968586,-0.0020238650656774
0.858303365869514,-0.00203411873308095
0.858556637240553,-0.00203957951274566
0.858800992753884,-0.00204164839345403
0.859040650111928,-0.00204182439648003
0.859280115234157,-0.00204170668642639
0.859524188443912,-0.002042996682061
0.859924092919099,-0.00205120895918052
0.860315733417452,-0.00206703341836047
0.860702238782325,-0.00208993492756016
0.861086644938051,-0.00211939008369934
0.861471894889943,-0.00215488721265848
0.861860838724292,-0.00219592636927889
0.862256233608371,-0.00224201933736251
0.86266074379043,-0.00229268962967188
0.8630769405997,-0.00234747248793053
0.863507302446389,-0.00240591488282246
0.863954214821688,-0.00246757551399232
0.864419970297765,-0.0025320248100457
0.864906768527768,-0.00259884492854884
0.865416716245824,-0.00266762975602843
0.865951827267039,-0.00273798490797218
0.866514022487501,-0.00280952772882839
0.867105129884274,-0.00288188729200604
0.867726884515403,-0.00295470439987488
0.868380928519913,-0.00302763158376541
0.869068811117807,-0.00310033310396847
0.86979198861007,-0.00317248494973608
0.870551824378662,-0.00324377483928091
0.871349588886527,-0.00331390221977585
0.872186459677584,-0.00338257826735519
0.873063521376735,-0.0034495258871135
0.873981765689862,-0.003514479713106
0.874942091403823,-0.00357718610834883
0.875945304386456,-0.00363740316481887
0.87699211758658,-0.00369490070345346
0.878083151033994,-0.00374946027415082
0.879218931839472,-0.00380087515577002
0.880399894194775,-0.00384895035613034
0.881626379372636,-0.00389350261201241
0.882898635726772,-0.003934360389157
0.884216818691875,-0.00397136388226589
0.885580990783623,-0.00400436501500161
0.886991121598667,-0.00403322743998715
0.88844708781464,-0.0040578265388066
0.889948673190155,-0.00407804942200416
0.891495568564805,-0.00409379492908533
0.89308737185916,-0.00410497362851595
0.89472358807477,-0.00411150781772275
0.896403629294166,-0.00411333152309298
0.898126814680856,-0.0041103904999749
0.899892370479332,-0.00410264223267716
0.901699430015058,-0.00409005593446935
0.903547033694484,-0.0040726125475817
0.905434129005038,-0.00405030474320492
0.907359570515124,-0.00402313692149073
0.90932211987413,-0.00399112521155142
0.91132044581242,-0.00395429747146
0.913353124141339,-0.00391269328825033
0.91541863775321,-0.0038663639779167
0.917515376621339,-0.00381537258541428
0.919641637800006,-0.00375979388465907
0.921795625424475,-0.00369971437852736
0.923975450710986,-0.00363523229885662
0.926179131956762,-0.00356645760644466
0.928404594540003,-0.00349351199105026
0.930649670919888,-0.0034165288713928
0.932912100636577,-0.00333565339515232
0.935189530311209,-0.00325104243896956
0.937479513645899,-0.0031628646084462
0.93977951142375,-0.00307130023814431
0.942086891508834,-0.00297654139158685
0.944398928846209,-0.00287879186125735
0.946712805461912,-0.00277826716860028
0.949025610462957,-0.00267519456402045
0.951334340037337,-0.00256981302688394
0.953635897454028,-0.00246237326551684
0.955927093062983,-0.00235313771720651
0.958204644295133,-0.00224238054820079
0.960465175662392,-0.00213038765370817
0.962705218757651,-0.00201745665789792
0.96492121225478,-0.00190389691390013
0.967109501908631,-0.00179002950380536
0.969266340555033,-0.00167618723866497
0.971387888110794,-0.00156271465849121
0.973470211573705,-0.00144996803225679
0.97550928502253,-0.00133831535789525
0.97750098961702,-0.00122813636230068
0.9794411135979,-0.00111982250132821
0.981325352286877,-0.00101377695979325
0.983149308086635,-0.000910414651472319
0.984908490480841,-0.000810162219102323
0.986598316034139,-0.00071345803438104
0.988214108392151,-0.000620752197966964
0.989751098281481,-0.000532506539479297
0.991204423509712,-0.000449194617497803
0.992569128965406,-0.00037130171956308
0.993840166618103,-0.000299324862176528
0.995012395518327,-0.000233772790799877
0.996080581797574,-0.000175165979856007
0.997039398668326,-0.000124036632728308
0.997883426424042,-8.09286817607946e-05
0.99860715243916,-4.63977882583927e-05
0.999204971169098,-2.10113424864156e-05
0.999671184150252,-5.34846367140906e-06
1,1.38777878078145e-17
