1.3467895409720500	0.0226987990762239
1.3397646907371200	0.0205681388725621
1.3327718416541200	0.0185193684782554
1.3258140171077000	0.0165503990477614
1.3188941661224200	0.0146591684203931
1.3120151633627200	0.0128436411203181
1.3051798091329000	0.0111018083565588
1.2983908293771500	0.0094316880229928
1.2916508756795500	0.0078313246983521
1.2849625252640600	0.0062987896462242
1.2783282809945100	0.0048321808150509
1.2717505713746100	0.0034296228381292
1.2652317505479800	0.0020892670336110
1.2587740982980800	0.0008092914045030
1.2523798200482800	-0.0004120993613334
1.2460510468618200	-0.0015766738911816
1.2397898354418300	-0.0026861741274702
1.2335981681313000	-0.0037423153277731
1.2274779529131200	-0.0047467860648091
1.2214310234100700	-0.0057012482264424
1.2154591388847800	-0.0066073370156819
1.2095639842397900	-0.0074666609506820
1.2037471700175000	-0.0082808018647419
1.1980102324002100	-0.0090513149063063
1.1923546332100900	-0.0097797285389648
1.1867817599092000	-0.0104675445414519
1.1812929255994600	-0.0111162380076476
1.1758893690227000	-0.0117272573465769
1.1705722545606100	-0.0123020242824098
1.1653426722347600	-0.0128419338544615
1.1602016377066200	-0.0133483544171924
1.1551500922775300	-0.0138226276402078
1.1501889028887200	-0.0142660685082584
1.1453188621212700	-0.0146799653212398
1.1405406881961700	-0.0150655796941928
1.1358550249743000	-0.0154241465573033
1.1312624419564000	-0.0157568741559023
1.1267634342830800	-0.0160649440504660
1.1223584227348700	-0.0163495111166156
1.1180477537321500	-0.0166117035451176
1.1138316993352000	-0.0168526228418834
1.1097104572441500	-0.0170733438279697
1.1056841507990500	-0.0172749146395781
1.1017528289798200	-0.0174583567280556
1.0979164664062300	-0.0176246648598941
1.0941749633379800	-0.0177748071167308
1.0905281456746200	-0.0179097248953477
1.0869757649555800	-0.0180303329076723
1.0835174983601900	-0.0181375191807771
1.0801529487076500	-0.0182321450568795
1.0768816444570400	-0.0183150451933423
1.0737030397073200	-0.0183870275626732
1.0706165141973400	-0.0184488734525253
1.0676213733058200	-0.0185013374656964
1.0647168480513600	-0.0185451475201299
1.0619020950924700	-0.0185810048489140
1.0591761967275000	-0.0186095840002820
1.0565381608947000	-0.0186315328376125
1.0539869211722100	-0.0186474725394291
1.0515213367780400	-0.0186579975994006
1.0491401925700800	-0.0186636758263409
1.0468421990461100	-0.0186650483442089
1.0446259923437700	-0.0186626295921087
1.0424901342406200	-0.0186569073242896
1.0404331121540600	-0.0186483426101459
1.0384533391414000	-0.0186373698342171
1.0365491538998100	-0.0186243966961878
1.0347188207663500	-0.0186098042108876
1.0329605297179800	-0.0185939467082914
1.0312723963715100	-0.0185771518335192
1.0296524619836500	-0.0185597205468358
1.0280986934509800	-0.0185419271236517
1.0266089833099700	-0.0185240191545220
1.0251811497369600	-0.0185062175451471
1.0238129365482000	-0.0184887165163726
1.0225020131997800	-0.0184716836041892
1.0212459747877000	-0.0184552596597325
1.0200423420478400	-0.0184395588492836
1.0188885613559400	-0.0184246686542683
1.0177820047276400	-0.0184106498712578
1.0167199698184500	-0.0183975366119684
1.0156996799237900	-0.0183853363032613
1.0147182839789100	-0.0183740296871432
1.0137728565589900	-0.0183635708207655
1.0128603978790500	-0.0183538870764251
1.0119778337940400	-0.0183448791415636
1.0111220157987400	-0.0183364210187682
1.0102897210278400	-0.0183283600257707
1.0094776522559000	-0.0183205167954485
1.0086824378973900	-0.0183126852758239
1.0079006320066100	-0.0183046327300642
1.0071287142777800	-0.0182960997364821
1.0063630900449900	-0.0182868001885351
1.0056000902822000	-0.0182764212948261
1.0048359716032900	-0.0182646235791029
1.0040669162619600	-0.0182510408802586
1.0032890321518500	-0.0182352803523313
1.0024983528064300	-0.0182169224645042
1.0016908373991000	-0.0181955210011058
1.0008623707431100	-0.0181706030616095
0.9997046064465070	-0.0181303303443457
0.9985878030763400	-0.0180843049851507
0.9975045558927750	-0.0180316207528854
0.9964478697881460	-0.0179714389455794
0.9954111508483870	-0.0179029868573542
0.9943881979144520	-0.0178255562453469
0.9933731941437390	-0.0177385017966332
0.9923606985715120	-0.0176412395951510
0.9913456376723230	-0.0175332455886235
0.9903232969214350	-0.0174140540554829
0.9892893123562460	-0.0172832560717936
0.9882396621377090	-0.0171404979781755
0.9871706581117530	-0.0169854798467276
0.9860789373707110	-0.0168179539479509
0.9849614538147380	-0.0166377232176723
0.9838154697132340	-0.0164446397239677
0.9826385472662680	-0.0162386031340852
0.9814285401659970	-0.0160195591813689
0.9801835851580950	-0.0157874981321818
0.9789020936031690	-0.0155424532528295
0.9775827430381830	-0.0152844992764834
0.9762244687378830	-0.0150137508701041
0.9748264552762170	-0.0147303611013647
0.9733881280877580	-0.0144345199055743
0.9719091450291270	-0.0141264525526014
0.9703893879404140	-0.0138064181137968
0.9688289542066040	-0.0134747079289178
0.9672281483189930	-0.0131316440730507
0.9655874734366180	-0.0127775778235347
0.9639076229476730	-0.0124128881268850
0.9621894720309370	-0.0120379800657165
0.9604340692171910	-0.0116532833256666
0.9586426279506450	-0.0112592506623192
0.9568165181503570	-0.0108563563681275
0.9549572577716590	-0.0104450947393379
0.9530665043675770	-0.0100259785429129
0.9511460466502510	-0.0095995374834548
0.9491977960523630	-0.0091663166701285
0.9472237782885580	-0.0087268750835858
0.9452261249168630	-0.0082817840428880
0.9432070649001110	-0.0078316256724295
0.9411689161673670	-0.0073769913688612
0.9391140771753440	-0.0069184802680137
0.9370450184698330	-0.0064566977118211
0.9349642742471170	-0.0059922537152436
0.9328744339154020	-0.0055257614331918
0.9307781336562320	-0.0050578356274493
0.9286780479859180	-0.0045890911335964
0.9265768813169530	-0.0041201413279334
0.9244773595194430	-0.0036515965944039
0.9223822214825230	-0.0031840627915184
0.9202942106757810	-0.0027181397192775
0.9182160667106810	-0.0022544195860950
0.9161505169019880	-0.0017934854757218
0.9141002678291850	-0.0013359098141688
0.9120679968978980	-0.0008822528366306
0.9100563439013200	-0.0004330610544087
0.9080679025816350	0.0000111342781653
0.9061052121914310	0.0004498186968060
0.9041707490551350	0.0008824960603509
0.9022669181304270	0.0013086900838375
0.9003960445696650	0.0017279458715791
0.8985603652813070	0.0021398314502423
0.8967620204913360	0.0025439393019230
0.8950030453046770	0.0029398878972234
0.8932853612666250	0.0033273232283284
0.8916107679242650	0.0037059203420826
0.8899809343878940	0.0040753848730665
0.8883973908924440	0.0044354545766732
0.8868615203589050	0.0047859008621854
0.8853745499557470	0.0051265303258518
0.8839375426603410	0.0054571862839636
0.8825513888203850	0.0057777503059313
0.8812167977153220	0.0060881437473614
0.8799342891177670	0.0063883292831329
0.8787041848549250	0.0066783124404738
0.8775266003700170	0.0069581431320384
0.8764014362837000	0.0072279171889829
0.8753283699554910	0.0074877778940430
0.8743068470451900	0.0077379175146098
0.8733360730742990	0.0079785788358072
0.8724150049874490	0.0082100566935677
0.8715423427138180	0.0084326995077097
0.8707165207285580	0.0086469108150137
0.8699356996142140	0.0088531508022991
0.8691977576221480	0.0090519378395012
0.8685002822339600	0.0092438500127470
0.8678405617229120	0.0094295266574327
0.8672155767153500	0.0096096698912997
0.8666219917521270	0.0097850461475118
0.8660561468500240	0.0099564877077312
0.8655140490631720	0.0101248942351957
0.8649913640444790	0.0102912343077950
0.8644834076070450	0.0104565469511476
0.8639851372855910	0.0106219431716770
0.8634911438978800	0.0107886074896890
0.8629956431061360	0.0109577994724475
0.8624924669784710	0.0111308552672521
0.8619750555503020	0.0113091891345138
0.8614371560872350	0.0114942016133465
0.8609184594998050	0.0116721167108317
0.8604164561450920	0.0118438822012341
0.8599287585939060	0.0120104022986437
0.8594530994345900	0.0121725387315913
0.8589873290768280	0.0123311118176638
0.8585294135554540	0.0124869015381197
0.8580774323342550	0.0126406486125046
0.8576295761097800	0.0127930555732665
0.8571841446151450	0.0129447878403708
0.8567395444238380	0.0130964747959163
0.8562942867535300	0.0132487108587502
0.8558469852698790	0.0134020565590838
0.8553963538903330	0.0135570396131073
0.8549412045879420	0.0137141559976059
0.8544804451951640	0.0138738710245747
0.8540130772076660	0.0140366204158343
0.8535381935881370	0.0142028113776460
0.8530549765700900	0.0143728236753275
0.8525626954616720	0.0145470107078679
0.8520607044494650	0.0147257005825434
0.8515484404023000	0.0149091971895325
0.8510254206750580	0.0150977812765315
0.8504912409124790	0.0152917115233699
0.8499455728529640	0.0154912256166256
0.8493881621323890	0.0156965413242405
0.8488188260879070	0.0159078575701356
0.8482374515617520	0.0161253555088268
0.8476439927050520	0.0163491996000401
0.8470384687816290	0.0165795386833267
0.8464209619718100	0.0168165070526789
0.8457916151762310	0.0170602255311451
0.8451506298196450	0.0173108025454453
0.8444982636547280	0.0175683352005864
0.8438348285658840	0.0178329103544779
0.8431606883730540	0.0181046056925470
0.8424762566355190	0.0183834908023540
0.8417819944557130	0.0186696282482077
0.8410784082830200	0.0189630746457808
0.8403660477175890	0.0192638817367256
0.8396455033141370	0.0195720974632887
0.8389174043857530	0.0198877670429270
0.8381824168077100	0.0202109340429228
0.8374412408212670	0.0205416414549994
0.8366946088374770	0.0208799327699362
0.8359432832409940	0.0212258530521841
0.8351880541938780	0.0215794500144813
0.8344297374394050	0.0219407750924682
0.8336691721058670	0.0223098845193031
0.8329072185103850	0.0226868404002772
0.8321447559627120	0.0230717117874307
0.8313826805690420	0.0234645757541674
0.8306219030358110	0.0238655184698704
0.8298633464735110	0.0242746362745178
0.8291079442004900	0.0246920367532975
0.8283566375467640	0.0251178398112231
0.8276103736578190	0.0255521787477489
0.8268701032984180	0.0259952013313857
0.8261367786564110	0.0264470708743155
0.8254113511465380	0.0269079673070078
0.8246947692142370	0.0273780882528342
0.8239879761394490	0.0278576501026842
0.8232919078404270	0.0283468890895806
0.8226074906775390	0.0288460623632945
0.8219356392570790	0.0293554490649613
0.8212772542350690	0.0298753514016953
0.8206332201210680	0.0304060957212060
0.8200044030819780	0.0309480335864127
0.8193916487458520	0.0315015428500602
0.8187957800056940	0.0320670287293344
0.8182175948232770	0.0326449248804772
0.8176578640329370	0.0332356944734024
0.8171173291453890	0.0338398312663107
0.8165967001515270	0.0344578606803053
0.8160966533262350	0.0350903408740071
0.8156178290321920	0.0357378638181703
0.8151608295236780	0.0364010563702976
0.8147262167503790	0.0370805813492557
0.8143145101611960	0.0377771386098908
0.8139261845080510	0.0384914661176437
0.8135616676496930	0.0392243410231652
0.8132213383555050	0.0399765807369319
0.8129055241093090	0.0407490440038611
0.8126144989131740	0.0415426319779265
0.8123484810912210	0.0423582892967732
0.8121076310934330	0.0431970051563338
0.8118920492994560	0.0440598143854430
0.8117017738224100	0.0449477985204535
0.8115367783126940	0.0458620868798511
0.8113969697617910	0.0468038576388701
0.8112821863060770	0.0477743389041092
0.8111921950306260	0.0487748097881460
0.8111266897730160	0.0498066014841532
0.8110852889271380	0.0508710983405134
0.8110675332469990	0.0519697389354348
0.8110728836505310	0.0531040171515666
0.8111007190233970	0.0542754832506142
0.8111503340227950	0.0554857449479548
0.8112209368812700	0.0567364684872526
0.8113092401607160	0.0579860670892913
0.8114132400799240	0.0591928723929836
0.8115339329777150	0.0603584370002119
0.8116722220540940	0.0614842663965963
0.8118289196848130	0.0625718197394322
0.8120047497359400	0.0636225106456273
0.8122003498784240	0.0646377079796387
0.8124162739026650	0.0656187366414109
0.8126529940330750	0.0665668783543127
0.8129109032426500	0.0674833724530745
0.8131903175675350	0.0683694166717259
0.8134914784215890	0.0692261679315328
0.8138145549109550	0.0700547431289346
0.8141596461486220	0.0708562199234820
0.8145267835689980	0.0716316375257741
0.8149159332424710	0.0723819974853954
0.8153269981899770	0.0731082644788537
0.8157598206975700	0.0738113670975170
0.8162141846309850	0.0744921986355512
0.8166898177502060	0.0751516178778570
0.8171863940240320	0.0757904498880075
0.8177035359446460	0.0764094867961856
0.8182408168421790	0.0770094885871212
0.8187977631992780	0.0775911838880283
0.8193738569656720	0.0781552707565430
0.8199685378727400	0.0787024174686601
0.8205812057480770	0.0792332633066709
0.8212112228300580	0.0797484193471002
0.8218579160824120	0.0802484692486441
0.8225205795087780	0.0807339700401068
0.8231984764672830	0.0812054529083382
0.8238908419851000	0.0816634239861714
0.8245968850730200	0.0821083651403596
0.8253157910400150	0.0825407347595137
0.8260467238078080	0.0829609685420398
0.8267888282254370	0.0833694802840761
0.8275412323838220	0.0837666626674306
0.8283030499303360	0.0841528880475184
0.8290733823833650	0.0845285092412985
0.8298513214468770	0.0848938603152120
0.8306359513249940	0.0852492573731189
0.8314263510365490	0.0855949993442353
0.8322215967296640	0.0859313687710712
0.8330207639963040	0.0862586325973676
0.8338229301868560	0.0865770429560336
0.8346271767246860	0.0868868379570840
0.8354325914207130	0.0871882424755768
0.8362382707879710	0.0874814689395502
0.8370433223561760	0.0877667181179598
0.8378468669862950	0.0880441799086166
0.8386480411851130	0.0883140341261236
0.8394459994197970	0.0885764512898135
0.8402399164324610	0.0888315934116860
0.8410289895547420	0.0890796147843452
0.8418124410223550	0.0893206627689368
0.8425895202896660	0.0895548785830853
0.8433595063442590	0.0897823980888316
0.8441217100215030	0.0900033525805704
0.8448754763191120	0.0902178695729870
0.8456201867117220	0.0904260735889953
0.8463552614654500	0.0906280869476748
0.8470801619524640	0.0908240305522078
0.8477943929655470	0.0910140246778170
0.8484975050326690	0.0911981897597027
0.8491890967315470	0.0913766471809802
0.8498688170042170	0.0915495200606169
0.8505363674715980	0.0917169340413701
0.8511915047480610	0.0918790180777240
0.8518340427559910	0.0920359052238267
0.8524638550403580	0.0921877334214283
0.8530808770832840	0.0923346462878179
0.8536851086186060	0.0924767939037605
0.8542766159464470	0.0926143336014350
0.8548555342477800	0.0927474307523712
0.8554220698989930	0.0928762595553871
0.8559765027864600	0.0930010038245264
0.8565191886211070	0.0931218577769956
0.8570505612529740	0.0932390268211015
0.8575711349857880	0.0933527283441886
0.8580815068915240	0.0934631925005762
0.8585823591249770	0.0935706629994959
0.8590744612383250	0.0936753978930291
0.8595586724956970	0.0937776703640438
0.8600359441877390	0.0938777695141324
0.8605073219461820	0.0939760011515489
0.8609739480584070	0.0940726885791462
0.8614370637820140	0.0941681733823135
0.8618980116593860	0.0942628162169134
0.8623582378322580	0.0943569975972198
0.8628192943562810	0.0944511186838543
0.8632828415155940	0.0945456020717247
0.8637506501373820	0.0946408925779612
0.8642246039064520	0.0947374580298545
0.8647067016797930	0.0948357900527927
0.8651990598011470	0.0949364048581990
0.8657039144155740	0.0950398440314688
0.8662236237840160	0.0951466753199069
0.8667606705978680	0.0952574934206653
0.8673176642935440	0.0953729207686798
0.8678534893033340	0.0954843169674280
0.8683745253577510	0.0955922797089912
0.8688874586826600	0.0956973814018724
0.8693985767365470	0.0958001666001804
0.8699137767752850	0.0959011524560720
0.8704385744169020	0.0960008291721931
0.8709781122063400	0.0960996604541204
0.8715371681802280	0.0961980839628036
0.8721201644316460	0.0962965117670062
0.8727311756748860	0.0963953307957479
0.8733739378102250	0.0964949032907456
0.8740518564886840	0.0965955672588555
0.8747680156767980	0.0966976369245148
0.8755251862213810	0.0968014031821826
0.8763258344142900	0.0969071340487825
0.8771721305571930	0.0970150751161436
0.8780659575263320	0.0971254500034424
0.8790089193372920	0.0972384608096444
0.8800023497097640	0.0973542885659457
0.8810473206323120	0.0974730936882145
0.8821446509271380	0.0975950164294332
0.8832949148148490	0.0977201773321394
0.8844984504792210	0.0978486776808682
0.8857553686319650	0.0979805999545932
0.8870655610774960	0.0981160082791687
0.8884287092776930	0.0982549488797710
0.8898442929166680	0.0983974505333400
0.8913115984655340	0.0985435250210212
0.8928297277471660	0.0986931675806070
0.8943976065009680	0.0988463573589785
0.8960139929476420	0.0990030578645468
0.8976774863539500	0.0991632174196954
0.8993865355974800	0.0993267696132211
0.9011394477314150	0.0994936337527758
0.9029343965492950	0.0996637153173084
0.9047694311497840	0.0998369064095064
0.9066424845014360	0.1000130862082370
0.9085513820074610	0.1001921214209890
0.9104938500704900	0.1003738667363170
0.9124675246573410	0.1005581652762770
0.9144699598637850	0.1007448490488730
0.9164986364793090	0.1009337394004990
0.9185509705518890	0.1011246474683770
0.9206243219527470	0.1013173746330010
0.9227160029411210	0.1015117129705790
0.9248232867290310	0.1017074457054730
0.9269434160460450	0.1019043476626410
0.9290736117040410	0.1021021857200820
0.9312110811619780	0.1023007192612710
0.9333530270906580	0.1024997006276080
0.9354966559374930	0.1026988755708530
0.9376391864912700	0.1028979837055720
0.9397778584469170	0.1030967589615770
0.9419099409702720	0.1032949300363700
0.9440327412628420	0.1034922208475800
0.9461436131265730	0.1036883509854070
0.9482399655286170	0.1038830361650680
0.9503192711660950	0.1040759886792290
0.9523790750308630	0.1042669178504570
0.9544170029742790	0.1044555304836530
0.9564307702719670	0.1046415313185000
0.9584181901885840	0.1048246234819010
0.9603771825425870	0.1050045089404230
0.9623057822709940	0.1051808889527350
0.9642021479941570	0.1053534645220540
0.9660645705805190	0.1055219368485840
0.9678914817113870	0.1056860077819590
0.9696814624456950	0.1058453802736820
0.9714332517847690	0.1059997588295710
0.9731457552370930	0.1061488499621970
0.9748180533830760	0.1062923626433270
0.9764494104398170	0.1064300087563650
0.9780392828258690	0.1065615035487950
0.9795873277260070	0.1066865660846220
0.9810934116559950	0.1068049196968110
0.9825576190273470	0.1069162924397340
0.9839802607120960	0.1070204175416070
0.9853618826075590	0.1071170338569350
0.9867032742011060	0.1072058863189500
0.9880054771349160	0.1072867263920550
0.9892697937707550	0.1073593125242660
0.9904977957547350	0.1074234105996540
0.9916913325820780	0.1074787943907820
0.9928525401618870	0.1075252460111530
0.9939838493819090	0.1075625563676480
0.9950879946732990	0.1075905256129690
0.9961680225753880	0.1076089635980800
0.9972273003004500	0.1076176903246470
0.9982695242984650	0.1076165363974830
0.9992987288218850	0.1076053434769880
1.0003192944904000	0.1075839647315910
1.0013359568557000	0.1075522652901890
1.0023538149662700	0.1075101226945940
1.0033783399320900	0.1074574273519690
1.0044153834894600	0.1073940829872740
1.0054711865657700	0.1073200070957050
1.0065523878442000	0.1072351313951360
1.0076660323285600	0.1071394022785630
1.0088195799080100	0.1070327812665410
1.0096445354352600	0.1069526171731480
1.0104482631072300	0.1068716172656380
1.0112349048686100	0.1067897296686140
1.0120085255240400	0.1067068854503040
1.0127731127380700	0.1066229986225640
1.0135325770352100	0.1065379661408800
1.0142907517999000	0.1064516679043630
1.0150513932765300	0.1063639667557540
1.0158181805694100	0.1062747084814200
1.0165947156428100	0.1061837218113570
1.0173845233209300	0.1060908184191880
1.0181910512879100	0.1059957929221650
1.0190176700878400	0.1058984228811670
1.0198676731247200	0.1057984688006990
1.0207442766625300	0.1056956741288970
1.0216506198251700	0.1055897652575230
1.0225897645964600	0.1054804515219670
1.0235646958202000	0.1053674252012470
1.0245783212000900	0.1052503615180080
1.0256334712998000	0.1051289186385240
1.0267328995429200	0.1050027376726970
1.0278792822129900	0.1048714426740540
1.0290752184534900	0.1047346406397530
1.0303232302678300	0.1045919215105780
1.0316257625193700	0.1044428581709420
1.0329851829314000	0.1042870064488850
1.0344037820871600	0.1041239051160740
1.0358837734298300	0.1039530758878050
1.0374272932625000	0.1037740234230020
1.0390364007482500	0.1035862353242150
1.0407130779100600	0.1033891821376250
1.0424592296308700	0.1031823173530370
1.0442766836535400	0.1029650774038860
1.0461671905809000	0.1027368816672340
1.0481324238756800	0.1024971324637720
1.0501739798605800	0.1022452150578170
1.0522933777182400	0.1019804976573150
1.0544920594912100	0.1017023314138400
1.0567713900820200	0.1014100504225930
1.0591326572531100	0.1011029717224020
1.0615770716268600	0.1007803952957240
1.0641057666856200	0.1004416040686450
1.0667197987716300	0.1000858639108760
1.0694201470871200	0.0997124236357583
1.0722077136942300	0.0993205150002584
1.0750833235150400	0.0989093527049725
1.0780477243315800	0.0984781343941242
1.0811015867858300	0.0980260406555647
1.0842455043796700	0.0975522350207730
1.0874799934749600	0.0970558639648560
1.0908054932934800	0.0965360569065481
1.0942223659169500	0.0959919262082119
1.0977308962870500	0.0954225671758373
1.1013312922053600	0.0948270580590424
1.1050236843334400	0.0942044600510728
1.1088081261927700	0.0935538172888020
1.1126845941647600	0.0928741568527313
1.1166529874907800	0.0921644887669897
1.1207131282721300	0.0914238059993341
1.1248647614700500	0.0906510844611490
1.1291075549057300	0.0898452830074468
1.1334410992602700	0.0890053434368677
1.1378649080747400	0.0881301904916797
1.1423784177501400	0.0872187318577784
1.1469809875474000	0.0862698581646873
1.1516718995874100	0.0852824429855578
1.1564503588509800	0.0842553428371689
1.1613154931788600	0.0831873971799274
1.1662663532717600	0.0820774284178680
1.1713019126903100	0.0809242418986530
1.1764210678550900	0.0797266259135727
1.1816226380466100	0.0784833516975450
1.1869053654053200	0.0771931734291156
1.1922679149316200	0.0758548282304581
1.1977088744858500	0.0744670361673738
1.2032267547882800	0.0730285002492917
1.2088199894191100	0.0715379064292687
1.2144869348185100	0.0699939236039895
1.2202258702865700	0.0683952036137665
1.2260349979833100	0.0667403812425398
1.2319124429287100	0.0650280742178775
1.2378562530026800	0.0632568832109753
1.2438643989450700	0.0614253918366568
1.2499347743556700	0.0595321666533733
1.2560651956942000	0.0575757571632038
1.2622534022803500	0.0555546958118554
1.2684970562937100	0.0534674979886625
1.2747937427738400	0.0513126620265877
1.2811409696202200	0.0490886692022212
1.2875361675922800	0.0467939837357810
1.2939766903093900	0.0444270527911129
1.3004598142508500	0.0419863064756904
1.3069827387559200	0.0394701578406149
1.3135425860237600	0.0368770028806155
1.3201364011135200	0.0342052205340491
1.3267611519442600	0.0314531726829004
1.3334137292949700	0.0286192041527818
1.3400909468046100	0.0257016427129336
1.3467895409720500	0.0226987990762239
