1.34254769978591,0.109192385040154
1.33567427674801,0.106614733110852
1.32882752674442,0.10412085805092
1.32201060113434,0.101708869604909
1.31522657535588,0.0993768993689337
1.30847844892598,0.0971231007906646
1.30176914544046,0.0949456491693301
1.29510151257401,0.0928427416557176
1.28847832208019,0.0908125972521732
1.28190226979144,0.0888534568126019
1.27537597561904,0.0869635830424656
1.26890198355316,0.0851412604987851
1.26248276166284,0.0833847955901414
1.25612070209598,0.0816925165766711
1.24981812107935,0.080062773570071
1.24357725891859,0.0784939385335958
1.23740027999823,0.0769844052820592
1.23128927278162,0.0755325894818316
1.22524624981101,0.0741369286508433
1.21927314770754,0.0727958821585835
1.21337182717118,0.0715079312260979
1.20754407298079,0.0702715789259922
1.20179159399408,0.0690853501824296
1.19611602314766,0.0679477917711323
1.19051891745698,0.0668574723193806
1.18500175801637,0.0658129823060139
1.17956594999903,0.0648129340614283
1.17421282265704,0.0638559617675801
1.16894362932132,0.0629407214579831
1.16375954740167,0.062065891017709
1.15866167838679,0.0612301701833894
1.1536510478442,0.0604322805432134
1.14872860542033,0.059670965536929
1.14389522484044,0.058944990455841
1.13915170390868,0.0582531424428141
1.13449876450809,0.057594230492272
1.12993705260056,0.0569670854501956
1.12546713822681,0.0563705600141233
1.12108951550649,0.0558035287331547
1.1168046026381,0.0552648880079454
1.112612741899,0.0547535560907109
1.1085141996454,0.054268473085223
1.10450916631242,0.0538086009468144
1.10059775641404,0.0533729234823757
1.09678000854307,0.0529604463503534
1.09305588537124,0.0525701970607561
1.08942527364911,0.0522012249751485
1.08588798420613,0.0518526013066537
1.08244375195063,0.0515234191199542
1.07909223586977,0.0512127933312907
1.07583301902961,0.0509198607084617
1.07266560857507,0.0506437798708244
1.06958943572994,0.0503837312892947
1.06660385579688,0.0501389172863464
1.06370814815741,0.0499085620360114
1.06090151627194,0.0496919115638822
1.05818308767972,0.0494882337471067
1.05555191399889,0.0492968183143926
1.05300697092645,0.0491169768460066
1.05054715823827,0.048948042773773
1.0481712997891,0.0487893713810744
1.04587814351255,0.0486403398028525
1.04366636142107,0.048500347025606
1.04153454960604,0.0483688138873945
1.03948122823766,0.0482451830778332
1.03750484156502,0.0481289191380978
1.03560375791607,0.0480195084609209
1.03377626969762,0.0479164592905942
1.03202059339539,0.0478193017229688
1.03033486957392,0.0477275877054524
1.02871716287664,0.0476408910370123
1.02716546202585,0.0475588073681733
1.02567767982272,0.0474809542010194
1.02425165314728,0.0474069708891922
1.02288514295844,0.0473365186378935
1.02157583429397,0.0472692805038808
1.02032133627051,0.0472049613954723
1.01911918208358,0.0471432880725438
1.01796682900755,0.0470840091465289
1.01686165839567,0.0470268950804203
1.01580097568005,0.0469717381887684
1.0147820103717,0.0469183526376843
1.01380191606046,0.0468665744448336
1.01285777041505,0.0468162614794441
1.01194657518306,0.0467672934622987
1.01106525619098,0.0467195719657424
1.01021066334411,0.0466730204136749
1.00937957062666,0.0466275840815565
1.00856867610169,0.046583230096405
1.00777460191117,0.0465399474367983
1.00699389427587,0.0464977469328698
1.00622302349547,0.0464566612663136
1.00545838394853,0.0464167449703814
1.00469629409244,0.0463780744298826
1.00393299646352,0.0463407478811878
1.00316465767688,0.0463048854122217
1.00238736842657,0.0462706289624714
1.00159714348544,0.046238142322979
1.00078992170529,0.0462076111363483
0.999961566016727,0.0461792428967392
0.998803606566829,0.0461450380632142
0.997686153746326,0.0461192060045427
0.996601759886498,0.0461021752735508
0.995543390443457,0.0460943333551379
0.994504415478509,0.0460960276539492
0.9934786011385,0.0461075664820466
0.99246010113617,0.0461292200465811
0.991443448230505,0.0461612214374642
0.990423545707083,0.0462037676150398
0.989395658858431,0.0462570203977556
0.988355406464374,0.046321107449835
0.987298752272384,0.0463961232689488
0.986221996477929,0.0464821301738864
0.985121767204834,0.0465791592922284
0.98399501198562,0.0466872115480177
0.982838989241862,0.0468062586494311
0.981651259764538,0.0469362440764513
0.980429678194377,0.0470770840685384
0.979172384502218,0.0472286686123018
0.977877795469354,0.0473908624291718
0.976544596167882,0.047563505963071
0.975171731441061,0.0477464163680864
0.973758397383656,0.047939388496141
0.972304032822294,0.0481421958846652
0.97080831079581,0.0483545917442689
0.969271130035603,0.0485763099464131
0.967692606445984,0.0488070660110812
0.966073064584525,0.0490465580944512
0.964413029142418,0.0492944679765671
0.962713216424815,0.0495504620490108
0.960974525831189,0.0498141923025734
0.959198031335675,0.0500852973149276
0.957384972967433,0.0503634032382985
0.955536748290986,0.0506481247871359
0.953654903886582,0.050939066225786
0.951741126830539,0.0512358223561627
0.949797236175594,0.0515379795054195
0.94782517443126,0.0518451165136214
0.945826999044177,0.0521568057214164
0.943804873878456,0.052472613957707
0.941761060696032,0.052792103527322
0.939697910637024,0.0531148331986887
0.937617855700071,0.0534403591915039
0.935523400222699,0.0537682361644057
0.933417112361656,0.0540980182026458
0.931301615573277,0.0544292598057602
0.929179580093824,0.0547615168752417
0.927053714419847,0.0550943477022114
0.924926756788524,0.0554273139550902
0.922801466658021,0.0557599816672708
0.920680616187841,0.0560919222247888
0.91856698171917,0.0564227133539952
0.916463335255231,0.0567519401092273
0.914372435941642,0.0570791958604813
0.912297021546754,0.057404083281083
0.910239799942008,0.05772621533536
0.908203440582291,0.0580452162663134
0.906190565986282,0.0583607225832899
0.904203743216798,0.0586723840496522
0.902245475361154,0.0589798646704521
0.900318193011512,0.0592828436801016
0.898424245745227,0.0595810165300443
0.8965658936052,0.0598740958764276
0.894745298580236,0.0601618125677743
0.892964516085381,0.0604439166326538
0.891225486442287,0.0607201782673545
0.889530026359555,0.0609903888235551
0.887879820413088,0.0612543617959966
0.886276412526441,0.061511933810153
0.884721197451175,0.0617629656099045
0.883215412247203,0.0620073430452082
0.881760127763145,0.0622449780597698
0.88035624011668,0.0624758096787159
0.879004462174889,0.062699804996265
0.877705315034617,0.0629169601633996
0.876459119502817,0.0631273013755377
0.875265987576901,0.0633308858602049
0.874125813925093,0.0635278028647053
0.873038267366781,0.063718174643794
0.872002782352865,0.0639021574473483
0.87101855044611,0.0640799425080398
0.870084511801496,0.0642517570290055
0.869199346646568,0.06441786517152
0.868361466761791,0.064578569042667
0.867569006960896,0.064734209683011
0.866819816571235,0.0648851680542692
0.866111450914127,0.0650318660269826
0.865441162785215,0.0651747673681884
0.864805893934812,0.0653143787290912
0.864202266548256,0.0654512506327352
0.863626574726258,0.0655859784616752
0.863074775965252,0.0657192034456486
0.862542482637752,0.0658516136492476
0.862024953472694,0.0659839449595901
0.861517085035794,0.0661169820739917
0.861013403209899,0.0662515594876376
0.860508054675332,0.066388562481254
0.85999479839025,0.0665289281087802
0.859466997070986,0.0666736461850394
0.858918320910828,0.066823712573568
0.858389263997065,0.066967930165158
0.857877260972208,0.0671070835135687
0.857379871238973,0.0672419215554794
0.856894776699568,0.0673731585417636
0.856419779494988,0.0675014749687633
0.855952799744316,0.0676275185095628
0.855491873284008,0.0677519049452628
0.855035149407191,0.0678752190962549
0.854580888602956,0.0679980157534944
0.854127460295649,0.0681208206097755
0.853673340584172,0.0682441311910051
0.85321710998127,0.0683684177874765
0.852757451152823,0.0684941243851435
0.852293146657148,0.0686216695968945
0.851823076684287,0.0687514475938269
0.851346216795301,0.0688838290365204
0.850861635661566,0.0690191620063116
0.850368492804062,0.0691577729365678
0.849866036332675,0.069299967543961
0.84935360068548,0.069446031759742
0.848830604368044,0.0695962326610147
0.848296547692717,0.0697508194020094
0.847751010517922,0.0699100241453579
0.847193649987451,0.0700740629933663
0.846624198269763,0.0702431369192901
0.846042460297272,0.0704174326986074
0.845448311505641,0.0705971238402935
0.844841695573081,0.070782371518095
0.844222622159637,0.0709733255018031
0.843591164646489,0.0711701250885284
0.842947457875241,0.0713729000339745
0.842291695887217,0.0715817714837123
0.841624129662753,0.0717968529044536
0.840945064860493,0.0720182510153258
0.840254859556681,0.0722460667191453
0.839553921984452,0.0724803960336917
0.838842708273136,0.0727213310229823
0.838121720187537,0.0729689607285451
0.837391502867238,0.0732233721006942
0.836652642565891,0.0734846509298025
0.835905764390508,0.0737528827775766
0.835151530040762,0.0740281539083305
0.834390635548272,0.0743105522202599
0.833623809015902,0.0746001681767157
0.832851808357055,0.0748970957374783
0.832075419034962,0.0752014332900319
0.831295451801985,0.0755132845808384
0.830512740438896,0.0758327596466112
0.829728139494187,0.0761599757455889
0.828942522023352,0.0764950582888107
0.828156777328187,0.0768381417713889
0.827371808696079,0.0771893707037836
0.826588531139306,0.0775489005430769
0.825807869134321,0.0779168986242464
0.825030754361059,0.07829354509144
0.824258123442218,0.078679033829249
0.823490915682561,0.079073573393983
0.822730070808204,0.0794773879449432
0.821976526705915,0.079890718175697
0.821231217162405,0.0803138222453516
0.820495069603621,0.0807469767098282
0.819769002834042,0.0811904774531365
0.819053924775968,0.0816446406186476
0.818350730208821,0.0821098035403693
0.817660298508434,0.082586325674219
0.816983491386343,0.0830745895292989
0.816321150629086,0.0835750015991688
0.815674095837496,0.0840879932931211
0.815043122165984,0.0846140218674542
0.814428998061852,0.0851535713567471
0.813832463004568,0.0857071535051328
0.813254225245074,0.086275308697573
0.812694959545067,0.0868586068911314
0.812155304916305,0.0874576485462482
0.811635862359892,0.0880730655580143
0.811137192605577,0.0887055221874448
0.810659813851042,0.0893557159927533
0.810204199501202,0.090024378760626
0.809770775907492,0.0907122774374959
0.80935992010717,0.0914202150608159
0.808971957562602,0.0921490316903344
0.808607159900559,0.0928996053393677
0.808265742651511,0.0936728529060752
0.80794786298892,0.0944697311047327
0.807653617468535,0.0952912373970071
0.807383039767684,0.0961384109232298
0.80713609842457,0.0970123334336711
0.80691269457756,0.0979141302198142
0.806712659704486,0.0988449710456286
0.806535753361931,0.0998060710788455
0.806381660924529,0.100798691822231
0.806249991324254,0.101824142044858
0.806140274789719,0.102883778713387
0.806051960585463,0.10397900792333
0.80598441475125,0.105111285830334
0.805936917841362,0.10628211958145
0.805908662663887,0.107493068246407
0.805898752020024,0.108745743748888
0.805906577502245,0.109998434012762
0.805932816949301,0.111209428032415
0.805978364875615,0.112380339222731
0.806044025876822,0.113512727994898
0.806130516888912,0.114608102691435
0.806238469447392,0.115667920521234
0.806368431946434,0.116693588494589
0.806520871898032,0.117686464358239
0.806696178191148,0.118647857530401
0.806894663350872,0.119579030035804
0.807116565797574,0.120481197440726
0.807362052106051,0.121355529788032
0.807631219264688,0.122203152532206
0.807924096934606,0.12302514747439
0.808240649708817,0.123822553697419
0.808580779371377,0.124596368500853
0.808944327156534,0.12534754833602
0.809331076007892,0.126077009741047
0.809740752837552,0.126785630275896
0.810173030785274,0.127474249457401
0.810627531477623,0.128143669694304
0.811103827287128,0.128794657222288
0.811601443591431,0.129427943039018
0.812119861032443,0.130044223839171
0.812658517775492,0.130644162949479
0.813216811768484,0.131228391263754
0.813794103001047,0.131797508177937
0.81438971576369,0.132352082525122
0.815002940906956,0.1328926535106
0.815633038100569,0.133419731646889
0.816279238092597,0.133933799688776
0.816940744968595,0.134435313568347
0.817616738410764,0.134924703330024
0.818306375957101,0.135402374065605
0.819008795260556,0.135868706849295
0.819723116348179,0.136324059672743
0.820448443880278,0.13676876838008
0.821183869409572,0.137203147602952
0.82192847364034,0.137627491695558
0.822681328687574,0.138042075669684
0.82344150033614,0.138447156129739
0.824208050299921,0.138842972207793
0.824980038480977,0.139229746498611
0.825756525228691,0.139607685994687
0.826536573598933,0.139976983021285
0.827319251613199,0.140337816171469
0.828103634517777,0.140690351241144
0.828888807042891,0.141034742164086
0.829673865661858,0.141371131946984
0.83045792085024,0.141699653604473
0.831240099344999,0.142020431094166
0.832019546403648,0.142333580251699
0.832795428063399,0.142639209725757
0.83356693340033,0.142937421913115
0.834333276788522,0.143228313893676
0.835093700159222,0.143511978365499
0.835847475259994,0.143788504579843
0.836593905913871,0.1440579792762
0.837332330278505,0.144320487617326
0.838062123105329,0.144576114124285
0.838782697998699,0.14482494361148
0.839493509675056,0.145067062121689
0.840194056222071,0.145302557861101
0.840883881357806,0.145531522134353
0.841562576689862,0.145754050279565
0.842229783974533,0.145970242603377
0.842885197375958,0.146180205315981
0.843528565725279,0.146384051466162
0.844159694779786,0.14658190187633
0.844778449482076,0.146773886077558
0.845384756219204,0.146960143244617
0.845978605081836,0.147140823131009
0.846560052123403,0.14731608700401
0.847129221619253,0.147486108579698
0.847686308325802,0.147651074957995
0.848231579739691,0.147811187557696
0.848765378356939,0.147966663051513
0.849288123932091,0.148117734301104
0.849800315737376,0.148264651292113
0.850302534821857,0.148407682069202
0.850795446270585,0.148547113671091
0.851279801463754,0.148683253065593
0.851756440335851,0.148816428084645
0.852226293634809,0.148946988359351
0.852690385181163,0.149075306255011
0.8531498341272,0.149201777806164
0.853605857216115,0.149326823651617
0.854059771041158,0.149450889969484
0.854512994304797,0.149574449412222
0.854967050077858,0.149698002041668
0.855423568058693,0.14982207626407
0.855884286832319,0.149947229765128
0.856351056129579,0.150074050445028
0.856825839086293,0.150203157353477
0.857310714502413,0.150335201624738
0.857807879101173,0.150470867412669
0.85831964978824,0.150610872825757
0.858848465910875,0.150755970862154
0.859396891517078,0.150906950344711
0.859924451213868,0.151052546775077
0.86043747314152,0.151193766551722
0.860942592926903,0.151331610536227
0.861446050043434,0.151467026169792
0.861953696329083,0.151600908475093
0.862471004504359,0.151734101058132
0.863003076690301,0.151867397110085
0.863554652926477,0.152001540409161
0.864130119688978,0.152137226322448
0.864733518408402,0.152275102807766
0.86536855398786,0.152415771415522
0.866038603320958,0.152559788290555
0.866746723809796,0.152707665173996
0.86749566188296,0.152859870405112
0.868287861513516,0.153016829923165
0.869125472737002,0.153178928269258
0.870010360169421,0.153346509588188
0.870944111525235,0.1535198786303
0.871928046135358,0.153699301753338
0.872963223465151,0.153885007924294
0.874050451632411,0.154077189721265
0.875190295925367,0.154276004335298
0.876383087320674,0.154481574572248
0.877628931001404,0.154693989854625
0.878927714875042,0.154913307223452
0.880279118091475,0.155139552340107
0.881682619560988,0.155372720488184
0.88313750647226,0.155612777575342
0.884642882810351,0.155859661135152
0.886197677874697,0.156113281328956
0.887800654797109,0.156373521947714
0.889450419059759,0.156640241413857
0.891145427013174,0.156913273783141
0.892883994394235,0.157192429746493
0.894664304844165,0.15747749763187
0.896484418426522,0.157768244406104
0.898342280145195,0.15806441667676
0.900235728462396,0.158365741693982
0.902162503816652,0.15867192835235
0.904120257140801,0.158982668192727
0.906106558379982,0.159297636404113
0.908118905009629,0.159616492825498
0.910154730553469,0.159938882947712
0.912211413101508,0.160264438915277
0.914286283828027,0.160592780528258
0.916376635509575,0.160923516244117
0.918479731042967,0.161256244179562
0.920592811963268,0.161590553112404
0.922713106961794,0.161926023483399
0.924837840404102,0.162262228398112
0.926964240847983,0.162598734628756
0.929089549561455,0.162935103616055
0.931211029040759,0.163270892471089
0.93332597152835,0.163605654977149
0.935431707530888,0.163938942591586
0.937525614337235,0.164270305447664
0.939605124536448,0.164599293356414
0.941667734535771,0.164925456808481
0.943711013078625,0.165248347975982
0.945732609762609,0.165567521714349
0.947730263557484,0.165882536564192
0.949701811323174,0.16619295575314
0.951645196327756,0.1664983481977
0.953558476765452,0.166798289505105
0.955439834274624,0.167092362975168
0.957287582455765,0.167380160602131
0.959100175389497,0.167661284076521
0.960876216154559,0.167935345786997
0.962614465345804,0.168201969822205
0.964313849592187,0.168460792972629
0.965973470074764,0.168711465732442
0.967592611044685,0.168953653301357
0.969170748341181,0.169187036586483
0.970707557909562,0.169411313204172
0.972202924319214,0.169626198481871
0.973656949281582,0.169831426459978
0.975069960168172,0.170026750893688
0.976442518528539,0.170211946254853
0.977775428608287,0.170386808733822
0.97906974586705,0.170551157241302
0.980326785496499,0.170704834410209
0.981548130938327,0.170847707597516
0.982735642402244,0.170979669886106
0.98389146538397,0.171100641086624
0.98501803918323,0.17121056873933
0.986118105421744,0.171309429115951
0.98719471656122,0.17139722822153
0.988251244421355,0.171474002796278
0.989291388697819,0.171539821317428
0.99031918548025,0.171594785001088
0.991339015770251,0.171639028804088
0.992355613999374,0.171672722425834
0.993374076547147,0.171696071310164
0.994399870259001,0.171709317647188
0.995438840964318,0.171712741375156
0.996497221994435,0.171706661182297
0.997581642700568,0.171691435508675
0.998699136971877,0.171667463548042
0.999857151753419,0.171635186249687
1.00068555351492,0.171608196893407
1.00149282499762,0.171579009414536
1.00228310291979,0.171547838193331
1.00306044811504,0.171514875632144
1.0038288455323,0.171480292155423
1.0045922042359,0.171444236209714
1.00535435740546,0.171406834263659
1.00611906233598,0.171368190807999
1.0068900004378,0.171328388355567
1.00767077723661,0.1712874874413
1.00846492237345,0.171245526622225
1.00927588960469,0.171202522477472
1.01010705680206,0.171158469608264
1.01096172595264,0.171113340637921
1.01184312315885,0.171067086211861
1.01275439863848,0.171019634997601
1.01369862672461,0.170970893684751
1.01467880586574,0.170920746985021
1.01569785862566,0.170869057632215
1.01675863168354,0.170815666382237
1.01786389583387,0.170760392013086
1.01901634598653,0.170703031324858
1.0202186011667,0.170643359139748
1.02147320451494,0.170581128302044
1.02278262328713,0.170516069678136
1.02414924885453,0.170447892156506
1.02557539670371,0.170376282647736
1.02706330643664,0.170300906084504
1.02861514177055,0.170221405421585
1.03023299053812,0.17013740163585
1.03191886468731,0.17004849372627
1.03367470028144,0.16995425871391
1.03550235749919,0.169854251641931
1.03740362063459,0.169748005575595
1.03938019809697,0.169635031602257
1.04143372241108,0.169514818831371
1.04356575021697,0.169386834394488
1.04577776227004,0.169250523445255
1.04807116344106,0.169105309159417
1.05044728271612,0.168950592734814
1.05290737319668,0.168785753391383
1.05545261209953,0.168610148371163
1.05808410075681,0.168423112938283
1.06080286461603,0.168223960378974
1.06360985324001,0.16801198200156
1.06650594030694,0.167786447136465
1.06949192361035,0.167546603136208
1.07256852505914,0.167291675375407
1.07573639067751,0.167020867250774
1.07899609060505,0.166733360181121
1.08234811909667,0.166428313607354
1.08579289452265,0.166104864992479
1.08933075936862,0.165762129821597
1.0929619802355,0.165399201601905
1.09668674783964,0.1650151518627
1.10050517701269,0.164609030155374
1.10441730670164,0.164179864053414
1.10842309996885,0.163726659152409
1.11252244399202,0.16324839907004
1.11671515006419,0.162744045446087
1.12100095359378,0.162212537942429
1.12537951410449,0.161652794243036
1.12985041523543,0.161063710053982
1.13441316474104,0.160444159103433
1.13906719449109,0.159792993141654
1.14381186047071,0.159109041941007
1.14864644278039,0.158391113295949
1.15357014563593,0.157637993023037
1.15858209736852,0.156848444960922
1.16368135042467,0.156021210970354
1.16886688136626,0.155155010934179
1.17413759087049,0.15424854275734
1.1794923037299,0.153300482366876
1.18492976885243,0.152309483711926
1.19044865926132,0.151274178763722
1.19604757209518,0.150193177515597
1.20172502860793,0.149065067982976
1.2074794741689,0.147888416203386
1.21330927826272,0.146661766236448
1.21921273448936,0.14538364016388
1.22518806056419,0.144052538089497
1.23123339831788,0.142666938139213
1.23734681369645,0.141225296461036
1.2435262967613,0.139726047225073
1.24976976168912,0.138167602623526
1.25607504677203,0.136548352870697
1.26243991441742,0.134866666202982
1.26886205114807,0.133120888878875
1.27533906760208,0.131309345178968
1.28186849853293,0.129430337405947
1.28844780280941,0.127482145884598
1.29507436341569,0.125463028961802
1.30174548745128,0.12337122300654
1.30845840613099,0.121204942409884
1.31521027478507,0.118962379585009
1.32199817285904,0.116641704967184
1.32881910391378,0.114241067013774
1.33566999562555,0.111758592204244
1.34254769978591,0.109192385040154
