0.999818717770157,0.217814429146433
0.999489794298671,0.217819380834903
0.999023266330817,0.217834710974489
0.998424937986883,0.217859825900998
0.997700520206572,0.217894143662346
0.996855630749059,0.217937094018533
0.995895794192968,0.217988118441644
0.994826441936354,0.218046670115873
0.993652912196719,0.218112213937497
0.992380450011009,0.218184226514868
0.991014207235616,0.218262196168457
0.989559242546395,0.218345622930791
0.988020521438628,0.218434018546527
0.986402916227047,0.218526906472385
0.984711206045817,0.218623821877187
0.982950076848568,0.21872431164184
0.981124121408366,0.21882793435934
0.97923783931772,0.218934260334787
0.977295636988604,0.219042871585366
0.97530182765241,0.219153361840329
0.973260631359978,0.219265336541066
0.97117617498162,0.219378412841026
0.969052492207059,0.219492219605741
0.966893523545495,0.219606397412858
0.964703116325559,0.219720598552103
0.962485024695312,0.219834487025286
0.960242909622285,0.21994773854633
0.957980338893447,0.22006004054123
0.9557007871152,0.220171092148063
0.953407635713412,0.220280604217029
0.951104172933386,0.220388299310382
0.948793593839859,0.220493911702504
0.946479000317031,0.220597187379835
0.944163401068542,0.220697884040924
0.941849711617471,0.220795771096402
0.939540754306357,0.220890629668996
0.937239258297169,0.220982252593523
0.934947859571336,0.221070444416892
0.932669100929704,0.221155021398105
0.930405431992604,0.221235811508248
0.928159209199773,0.221312654430497
0.925932695810439,0.221385401560124
0.923728061903229,0.221453916004498
0.921547384376241,0.221518072583067
0.919392646947013,0.221577757827365
0.917265740152531,0.221632869981034
0.915168461349213,0.221683318999805
0.913102514712956,0.221729026551474
0.911069511239054,0.221769926015977
0.909070968742287,0.221805962485284
0.907108311856869,0.221837092763487
0.905182872036436,0.221863285366781
0.903295887554115,0.221884520523423
0.901448503502431,0.221900790173771
0.899641771793379,0.221912097970279
0.897876651158416,0.221918459277492
0.896154007148395,0.221919901172045
0.894474612133662,0.221916462442658
0.892839145303993,0.221908193590134
0.89124819266859,0.221895156827397
0.889702247056139,0.221877426079434
0.888201708114734,0.221855086983334
0.886746882311929,0.221828236888268
0.885337982934727,0.221796984855513
0.883975130089584,0.221761451658414
0.882658350702381,0.221721769782442
0.881387578518452,0.221678083425116
0.880162654102591,0.221630548496084
0.878983324839009,0.22157933261707
0.877849244931391,0.221524615121864
0.876759975402848,0.221466587056398
0.875714984095943,0.221405451178647
0.874713645672688,0.221341421958696
0.873755241614536,0.221274725578736
0.872838960222387,0.221205599933028
0.871963896616583,0.221134294627927
0.871129052736917,0.221061070981878
0.870333337342629,0.220986202025432
0.869575566012391,0.220909972501209
0.868854461144332,0.220832678863934
0.868168651956025,0.220754629280414
0.867516674484489,0.220676143629568
0.866896971586176,0.220597553502366
0.866307892937004,0.220519202201905
0.865747695032335,0.22044144474336
0.865214541186947,0.220364647853999
0.864706501535092,0.220289189973165
0.864221553030456,0.220215461252331
0.863757579446192,0.220143863555006
0.863312371374856,0.220074810456835
0.862883626228479,0.220008727245542
0.862468948238548,0.219946050920932
0.862065848455963,0.219887230194899
0.861671744751082,0.219832725491443
0.861283961813733,0.219783008946645
0.860899731153144,0.219738564408679
0.860516191098032,0.219699887437823
0.860130386796526,0.219667485306403
0.859739270216222,0.219641876998893
0.859339700144149,0.219623593211815
0.859095730573578,0.219616168405498
0.85885629358248,0.219610391691103
0.858616596926018,0.21960455869522
0.858372142412816,0.219597067182345
0.858118719724409,0.219586414946735
0.8578524002348,0.219571197704309
0.857569530829876,0.219550106984531
0.857266727727022,0.21952192802226
0.856940870294525,0.219485537649654
0.856589094871144,0.219439902188056
0.85620878858556,0.219384075339836
0.855797583175933,0.219317196080323
0.855353348809341,0.219238486549634
0.85487418790135,0.219147249944582
0.854358428935469,0.219042868410547
0.853804620282652,0.218924800933359
0.853211524020825,0.218792581231174
0.852578109754396,0.218645815646368
0.851903548433701,0.218484181037369
0.851187206174577,0.218307422670603
0.850428638077825,0.218115352112316
0.849627582048691,0.217907845120507
0.848783952616428,0.217684839536744
0.84789783475375,0.217446333178099
0.846969477696362,0.217192381728988
0.845999288762448,0.216923096633098
0.844987827172163,0.216638642985199
0.843935797867154,0.216339237423087
0.84284404533007,0.216025146019422
0.841713547404029,0.215696682173617
0.840545409112164,0.215354204503755
0.839340856477079,0.214998114738382
0.838101230340407,0.214628855608499
0.83682798018225,0.214246908739329
0.83552265794073,0.213852792542279
0.834186911831459,0.213447060106774
0.832822480167077,0.21303029709218
0.831431185176727,0.21260311961961
0.830014926825542,0.212166172163896
0.828575676634195,0.211720125445384
0.827115471498359,0.211265674321857
0.825636407508233,0.210803535680428
0.824140633768032,0.210334446329366
0.822630346215497,0.209859160890039
0.821107781441399,0.209378449688747
0.819575210509013,0.208893096648615
0.818034932773673,0.208403897181473
0.816489269702233,0.207911656079729
0.814940558692572,0.207417185408283
0.813391146893119,0.206921302396345
0.811843385022332,0.206424827329371
0.810299621188218,0.205928581440897
0.808762194707831,0.205433384804472
0.807233429926748,0.204940054225471
0.805715630038624,0.204449401133021
0.804211070904641,0.203962229471893
0.802721994873038,0.203479333594307
0.801250604598619,0.203001496151905
0.799799056862231,0.202529485987567
0.798369456390291,0.2020640560273
0.796963849674279,0.201605941172147
0.795584218790223,0.201155856190038
0.794232475218238,0.200714493607666
0.792910453661987,0.200282521602386
0.791619905868226,0.199860581894097
0.790362494446255,0.199449287637085
0.789139786687478,0.199049221311939
0.787953248384864,0.198660932617435
0.786804237652459,0.198284936362365
0.78569399874488,0.197921710357487
0.784623655876864,0.197571693307325
0.783594207042712,0.197235282702138
0.782606517835799,0.196912832709711
0.781661315268112,0.196604652067287
0.780759181589727,0.196311001973455
0.779900548108322,0.196032093979987
0.779085689008661,0.195768087883747
0.778314715172117,0.19551908961854
0.777587567996153,0.195285149147065
0.776904013213843,0.195066258352683
0.776263634713386,0.194862348931393
0.775665828357568,0.194673290283661
0.77510979580329,0.194498887406326
0.774594538321082,0.194338878784457
0.774118850614564,0.194192934283228
0.773681314640006,0.194060653039826
0.773280293425766,0.193941561355318
0.772913924891843,0.193835110586519
0.772580115669375,0.193740675037877
0.772276534920104,0.193657549853364
0.772000608155916,0.193584948908331
0.771749511058307,0.19352200270141
0.771520163297944,0.193467756246402
0.771309222354105,0.193421166964106
0.771113077334204,0.193381102574258
0.770927842793318,0.193346338987379
0.770749352553646,0.193315558196654
0.770573153524052,0.193287346169822
0.77039449951952,0.193260190741043
0.770314642125535,0.193248323366586
0.7702350653991,0.193236739690153
0.770153104249642,0.193225163931206
0.770066257614211,0.193213339092396
0.769972185064171,0.193201026569177
0.769868703411923,0.193188005759214
0.769753783317616,0.193174073671985
0.769625545895882,0.193159044538214
0.769482259322507,0.193142749419418
0.769322335441152,0.193125035817411
0.769144326370099,0.193105767283802
0.768946921108924,0.193084823029501
0.768728942145223,0.193062097534233
0.768489342061322,0.193037500156043
0.768227200141008,0.193010954740819
0.767941718976186,0.192982399231766
0.767632221073658,0.192951785278944
0.767298145461795,0.192919077848755
0.766939044297265,0.192884254833476
0.766554579471708,0.192847306660744
0.766144519218515,0.192808235903047
0.765708734719475,0.192767056887297
0.765247196711524,0.192723795304273
0.764759972093442,0.192678487818132
0.764247220532578,0.192631181675962
0.763709191071531,0.192581934317269
0.763146218734894,0.192530812983449
0.762558721135968,0.192477894327352
0.761947195083443,0.19242326402275
0.761312213188125,0.192367016373857
0.760654420469652,0.192309253924831
0.759974530963222,0.192250087069308
0.759273324326245,0.192189633659877
0.758551642445141,0.192128018617586
0.757810386041968,0.19206537354148
0.757050511281195,0.192001836318092
0.756273026376383,0.191937550730956
0.755478988196898,0.191872666070076
0.754669498874625,0.191807336741495
0.753845702410707,0.191741721876782
0.753008781282202,0.191675984942506
0.752159953048852,0.191610293349782
0.751300466959739,0.191544818063758
0.750431600560052,0.191479733213139
0.749554656297765,0.191415215699697
0.748670958130341,0.19135144480773
0.747781848131484,0.191288601813646
0.746888683097795,0.191226869595409
0.745992831155537,0.191166432242077
0.745095668367325,0.191107474663297
0.744198575338808,0.191050182198818
0.743302933825442,0.190994740228012
0.742410123339138,0.190941333779343
0.741521517755043,0.190890147139913
0.740638481918166,0.190841363464946
0.739762368250169,0.190795164387324
0.738894513356034,0.190751729627065
0.738036234630802,0.190711236600827
0.737188826866224,0.190673860031454
0.73635355885758,0.190639771557442
0.735531670010282,0.190609139342466
0.734724366946648,0.190582127684883
0.733932820112604,0.190558896627265
0.733158160384371,0.190539601565862
0.732401475675221,0.190524392860124
0.731663807542134,0.19051341544223
0.730946147792562,0.190506808426581
0.730249435091103,0.1905047047193
0.729574551566225,0.190507230627759
0.728922319417002,0.190514505470061
0.728293497519764,0.190526641184565
0.727688778034878,0.190543741939411
0.727108783013425,0.190565903741962
0.726554061003909,0.190593214048401
0.726025083658968,0.190625751373165
0.725522242342113,0.190663584898506
0.725045844734396,0.190706774083946
0.724596111441169,0.190755368275828
0.724173172598757,0.190809406316799
0.723777064481191,0.190868916155354
0.723407726106913,0.190933914455275
0.723064995845471,0.191004406205203
0.722748608024271,0.19108038432813
0.722458189535265,0.191161829290879
0.72219325644164,0.191248708713645
0.721953210584569,0.191340976979483
0.721737336189908,0.191438574843814
0.721544796474907,0.191541429043963
0.721374630254897,0.19164945190861
0.721225748550051,0.191762540967369
0.721096931192063,0.191880578560234
0.720986823430858,0.192003431447106
0.720893932541329,0.192130950417325
0.720816624430008,0.192262969899148
0.720753120241825,0.192399307569246
0.720701492966775,0.192539763962279
0.720659664046663,0.192684122080301
0.720625399981806,0.192832147002367
0.720596308937738,0.192983585493968
0.720505139824889,0.193682586445372
0.720482912190561,0.194380273452931
0.720531535642679,0.195075884959745
0.720652673806091,0.195768691898882
0.720847750471419,0.196457997172959
0.721117955743922,0.197143135133793
0.721464252192311,0.197823471061982
0.721887380997639,0.198498400646524
0.722387868102144,0.199167349464388
0.722966030358076,0.199829772460187
0.723621981676583,0.200485153425714
0.724355639176549,0.201133004479588
0.725166729333447,0.201772865546861
0.726054794128167,0.202404303838608
0.727019197195921,0.20302691333155
0.728059129975022,0.203640314247644
0.729173617855825,0.204244152533703
0.730361526329501,0.204838099340987
0.731621567136921,0.205421850504842
0.732952304417508,0.205995126024254
0.734352160858078,0.206557669541506
0.735819423841715,0.20710924782177
0.737352251596606,0.20764965023268
0.738948679344884,0.208178688223998
0.740606625451488,0.208696194807167
0.742323897573025,0.209202024034952
0.74409819880661,0.209696050481021
0.745927133838721,0.210178168719574
0.747808215094062,0.210648292804953
0.749738868884386,0.211106355751196
0.751716441557373,0.211552309011723
0.753738205645472,0.211986121958882
0.755801366014745,0.212407781363583
0.757903066013762,0.212817290874896
0.760040393622371,0.213214670499655
0.76221038760063,0.213599956082062
0.764410043637613,0.213973198783327
0.766636320500292,0.21433446456122
0.768886146182337,0.214683833649708
0.771156424053031,0.215021400038589
0.773444039006094,0.21534727095302
0.775745863608514,0.215661566333201
0.778058764249439,0.215964418313951
0.780379607289002,0.216255970704324
0.782705265207162,0.216536378467173
0.785032622752601,0.216805807198818
0.787358583091527,0.217064432608629
0.789680073956567,0.217312439998614
0.791994053795569,0.217550023743044
0.794297517920516,0.217777386768056
0.796587504656316,0.217994740031274
0.798861101489699,0.218202302001366
0.801115451218056,0.218400298137712
0.803347758098274,0.218588960369985
0.805555293995606,0.21876852657775
0.80773540453251,0.218939240070068
0.809885515237535,0.219101349065125
0.812003137694126,0.219255106169822
0.814085875689481,0.219400767859372
0.816131431363456,0.219538593956931
0.818137611357341,0.219668847113197
0.82010233296278,0.219791792286
0.822023630270562,0.219907696219921
0.823899660319541,0.22001682692591
0.825728709245408,0.220119453160866
0.827509198429601,0.220215843907266
0.829239690648171,0.220306267852753
0.830918896220545,0.220390992869784
0.832545679158484,0.220470285495164
0.83411906331485,0.220544410409726
0.835638238532531,0.220613629917879
0.837102566793238,0.220678203427263
0.83851158836635,0.220738386928325
0.839865027957849,0.220794432473933
0.841162800859051,0.220846587658984
0.842405019095558,0.220895095100006
0.843591997576062,0.220940191914791
0.844724260241208,0.22098210920195
0.845802546212445,0.221021071520559
0.846827815940874,0.221057296369754
0.847801257356092,0.221090993668348
0.84872429201508,0.221122365234426
0.849598581251022,0.221151604264931
0.850426032322133,0.221178894815339
0.851208804560596,0.221204411279162
0.851949315521306,0.22122831786766
0.852650247130826,0.221250768089382
0.85331455183614,0.22127190422979
0.853945458753588,0.221291856830858
0.854546479817661,0.221310744170699
0.855121415929901,0.221328671743166
0.855674363107695,0.221345731737421
0.85620971863317,0.221362002517596
0.856732187202051,0.221377548102377
0.857246787072477,0.221392417644601
0.857758856213856,0.221406644910856
0.858274058455772,0.221420247761146
0.85879838963675,0.221433227628397
0.859338183753184,0.22144556899816
0.860038298122203,0.221459939320023
0.860717350732898,0.221472130352946
0.861375724288052,0.22148235193486
0.862013831591916,0.221490806626282
0.86263211555021,0.221497689710285
0.863231049170135,0.221503189192561
0.863811135560339,0.221507485801347
0.864372907930975,0.2215107529875
0.864916929593646,0.221513156924413
0.865443793961411,0.221514856508102
0.865954124548824,0.221516003357136
0.866448574971901,0.221516741812688
0.866927828948122,0.221517208938477
0.867392600296454,0.221517534520852
0.867843632937312,0.221517841068696
0.868281700892598,0.221518243813512
0.868707608285672,0.221518850709356
0.86912218934138,0.221519762432876
0.869526308386025,0.221521072383304
0.86992085984739,0.221522866682449
0.870306768254711,0.221525224174707
0.870684988238714,0.221528216427052
0.871056504531591,0.221531907729036
0.871422331966993,0.221536355092784
0.871783515480055,0.221541608253033
0.872141130107374,0.221547709667063
0.872496280987016,0.221554694514773
0.872850103358526,0.2215625906986
0.873203762562914,0.221571418843605
0.873558454042667,0.221581192297409
0.873915403341722,0.221591917130209
0.874275866105519,0.221603592134787
0.874641128080929,0.221616208826526
0.875012505116327,0.221629751443362
0.875391343161548,0.221644196945831
0.875779018267883,0.221659515017045
0.87617693658811,0.221675668062692
0.876586534376474,0.221692611211038
0.877009277988689,0.221710292312957
0.877446663881933,0.221728651941869
0.877900218614874,0.2217476233938
0.878371498847625,0.221767132687344
0.87886209134178,0.221787098563673
0.879373612960405,0.221807432486564
0.879907710668047,0.221828038642353
0.880466061530697,0.221848813939962
0.881050372715839,0.2218696480109
0.881662381492415,0.221890423209253
0.882303855230856,0.221911014611675
0.882976591403017,0.221931290017434
0.883682417582293,0.221951109948351
0.884423191443485,0.221970327648836
0.885200800762911,0.221988789085884
0.886017163418317,0.222006332949071
0.886874227388954,0.222022790650543
0.887773970755535,0.222037986325043
0.888718401700234,0.222051736829889
0.889709558506698,0.222063851744989
0.890749509560056,0.222074133372806
0.891840353346888,0.222082376738409
0.89298421845526,0.222088369589437
0.894183263574705,0.222091892396124
0.895439677496212,0.222092718351262
0.89675567911227,0.222090613370249
0.898133517416803,0.222085336091051
0.899575471505243,0.22207663787421
0.901083850574449,0.222064262802856
0.902660993922798,0.222047947682706
0.904309270950091,0.222027422042063
0.906031081157642,0.222002408131778
0.907828854148196,0.221972620925328
0.909705049626,0.22193776811873
0.911662157396754,0.221897550130623
0.91370269736762,0.221851660102187
0.915829219547272,0.221799783897218
0.918044304045797,0.221741600102069
0.920350561074792,0.221676780025679
0.922750630947319,0.221604987699586
0.925247184077891,0.221525879877882
0.927842920982512,0.22143910603726
0.930540572278649,0.221344308376987
0.933342898685244,0.221241121818909
0.936252691022695,0.221129174007466
0.939272770212879,0.221008085309668
0.94240598727915,0.220877468815102
0.945655223346328,0.22073693033594
0.949023389640691,0.220586068406952
0.952513427490014,0.220424474285465
0.956128308323511,0.220251731951394
0.959871033671889,0.22006741810724
0.963744635167327,0.219871102178091
0.967752174543447,0.219662346311602
0.971896743635361,0.219440705378025
0.976181464379667,0.21920572697017
0.980609488814402,0.218956951403452
0.985183999079096,0.218693911715866
0.989908207414731,0.218416133667972
0.994785356163773,0.218123135742915
0.999818717770157,0.217814429146433
