1.01174855947634	0.15311905938027
1.01142063394106	0.15314513643196
1.01095605517098	0.15319041252234
1.01036057714453	0.15325392225942
1.00963986160471	0.15333471792661
1.00879947805914	0.15343186948269
1.00784490378004	0.15354446456181
1.00678152380421	0.15367160847352
1.00561463093305	0.15381242420274
1.00434942573255	0.15396605240975
1.00299101653330	0.15413165143024
1.00154441943050	0.15430839727524
1.00001455828393	0.15449548363120
0.99840626471797	0.15469212185992
0.99672427812158	0.15489754099859
0.99497324564834	0.15511098775977
0.99315772221641	0.15533172653140
0.99128217050855	0.15555903937681
0.98935096097213	0.15579222603470
0.98736837181909	0.15603060391913
0.98533858902597	0.15627350811958
0.98326570633393	0.15652029140088
0.98115372524869	0.15677032420323
0.97900655504060	0.15702299464223
0.97682801274459	0.15727770850885
0.97462182316017	0.15753388926943
0.97239161885147	0.15779097806571
0.97014094014721	0.15804843371479
0.96787323514069	0.15830573270914
0.96559185968983	0.15856236921664
0.96330007741713	0.15881785508051
0.96100105970968	0.15907171981939
0.95869788571918	0.15932351062726
0.95639354236192	0.15957279237350
0.95409092431878	0.15981914760286
0.95179283403525	0.16006217653547
0.94950198172140	0.16030149706684
0.94722098535191	0.16053674476786
0.94495237066603	0.16076757288480
0.94269857116764	0.16099365233930
0.94046192812518	0.16121467172838
0.93824469057173	0.16143033732444
0.93604901530492	0.16164037307527
0.93387696688700	0.16184452060402
0.93173051764481	0.16204253920922
0.92961154766979	0.16223420586479
0.92752184481796	0.16241931522003
0.92546310470997	0.16259767959959
0.92343693073102	0.16276912900355
0.92144483403094	0.16293351110731
0.91948823352415	0.16309069126168
0.91756845588964	0.16324055249286
0.91568673557104	0.16338299550240
0.91384421477653	0.16351793866724
0.91204194347891	0.16364531803970
0.91028087941559	0.16376508734748
0.90856188808853	0.16387721799366
0.90688574276433	0.16398169905669
0.90525312447417	0.16407853729039
0.90366462201381	0.16416775712399
0.90212073194364	0.16424940066207
0.90062185858861	0.16432352768460
0.89916831403828	0.16439021564692
0.89776031814681	0.16444955967976
0.89639799853296	0.16450167258921
0.89508139058007	0.16454668485677
0.89381043743608	0.16458474463928
0.89258499001354	0.16461601776899
0.89140480698957	0.16464068775352
0.89026955480591	0.16465895577584
0.88917880766888	0.16467104069435
0.88813204754940	0.16467717904278
0.88712866418299	0.16467762503026
0.88616795506976	0.16467265054131
0.88524912547442	0.16466254513581
0.88437128842627	0.16464761604902
0.88353346471921	0.16462818819158
0.88273458291174	0.16460460414952
0.88197347932694	0.16457722418423
0.88124889805250	0.16454642623249
0.88055949094070	0.16451260590645
0.87990381760842	0.16447617649366
0.87928034543712	0.16443756895701
0.87868744957288	0.16439723193480
0.87812341292637	0.16435563174070
0.87758642617283	0.16431325236376
0.87707458775212	0.16427059546839
0.87658590386869	0.16422818039442
0.87611828849160	0.16418654415700
0.87566956335447	0.16414624144671
0.87523745795554	0.16410784462949
0.87481960955766	0.16407194374665
0.87441356318824	0.16403914651488
0.87401677163930	0.16401007832626
0.87362659546748	0.16398538224824
0.87324030299397	0.16396571902365
0.87285507030460	0.16395176707071
0.87246798124976	0.16394422248298
0.87207602744446	0.16394379902945
0.87167610826829	0.16395122815445
0.87143216579249	0.16395949541601
0.87119285243034	0.16396911611411
0.87095327632298	0.16397869733232
0.87070884562038	0.16398692918608
0.87045526217810	0.16399258311605
0.87018851525416	0.16399451018151
0.86990487520577	0.16399163935374
0.86960088718625	0.16398297580936
0.86927336484175	0.16396759922374
0.86891938400813	0.16394466206437
0.86853627640772	0.16391338788421
0.86812162334619	0.16387306961511
0.86767324940930	0.16382306786114
0.86718921615978	0.16376280919199
0.86666781583410	0.16369178443634
0.86610756503928	0.16360954697524
0.86550719844973	0.16351571103548
0.86486566250407	0.16340994998298
0.86418210910189	0.16329199461612
0.86345588930063	0.16316163145918
0.86268654701236	0.16301870105566
0.86187381270057	0.16286309626171
0.86101759707704	0.16269476053944
0.86011798479861	0.16251368625035
0.85917522816402	0.16231991294867
0.85818974081071	0.16211352567478
0.85716209141162	0.16189465324852
0.85609299737203	0.16166346656263
0.85498331852637	0.16142017687608
0.85383405083501	0.16116503410746
0.85264632008111	0.16089832512839
0.85142137556739	0.16062037205681
0.85016058381300	0.16033153055047
0.84886542225027	0.16003218810019
0.84753747292157	0.15972276232332
0.84617841617610	0.15940369925707
0.84479002436673	0.15907547165193
0.84337415554679	0.15873857726497
0.84193274716687	0.15839353715331
0.84046780977168	0.15804089396741
0.83898142069682	0.15768121024449
0.83747571776562	0.15731506670192
0.83595289298594	0.15694306053054
0.83441518624699	0.15656580368810
0.83286487901615	0.15618392119259
0.83130428803575	0.15579804941563
0.82973575901994	0.15540883437584
0.82816166035146	0.15501693003222
0.82658437677846	0.15462299657755
0.82500630311133	0.15422769873171
0.82342983791950	0.15383170403511
0.82185737722826	0.15343568114202
0.82029130821558	0.15304029811400
0.81873400290889	0.15264622071321
0.81718781188195	0.15225411069583
0.81565505795161	0.15186462410545
0.81413802987465	0.15147840956637
0.81263897604460	0.15109610657707
0.81116009818853	0.15071834380352
0.80970354506389	0.15034573737257
0.80827140615531	0.14997888916535
0.80686570537140	0.14961838511062
0.80548839474160	0.14926479347814
0.80414134811295	0.14891866317207
0.80282635484695	0.14858052202434
0.80154511351632	0.14825087508800
0.80029922560187	0.14793020293062
0.79909018918928	0.14761895992768
0.79791939266591	0.14731757255589
0.79678810841762	0.14702643768664
0.79569748652562	0.14674592087929
0.79464854846323	0.14647635467464
0.79364218079270	0.14621803688822
0.79267912886206	0.14597122890371
0.79175999050191	0.14573615396633
0.79088520972224	0.14551299547617
0.79005507040923	0.14530189528160
0.78926969002208	0.14510295197261
0.78852901328981	0.14491621917426
0.78783280590808	0.14474170383995
0.78718064823603	0.14457936454488
0.78657192899304	0.14442910977939
0.78600583895558	0.14429079624235
0.78548136465403	0.14416422713452
0.78499728206945	0.14404915045192
0.78455215033046	0.14394525727923
0.78414430540998	0.14385218008316
0.78377185382210	0.14376949100581
0.78343266631889	0.14369670015805
0.78312437158717	0.14363325391291
0.78284434994537	0.14357853319893
0.78258972704030	0.14353185179356
0.78235736754403	0.14349245461654
0.78214386885063	0.14345951602323
0.78194555477302	0.14343213809804
0.78175846923980	0.14340934894778
0.78157836999202	0.14339010099503
0.78140072228004	0.14337326927153
0.78122069256029	0.14335764971154
0.78114023763983	0.14335093824938
0.78106008103644	0.14334449186413
0.78097754544645	0.14333820659559
0.78089011846178	0.14333198668803
0.78079544915856	0.14332574441865
0.78069134468577	0.14331939992584
0.78057576685387	0.14331288103763
0.78044682872346	0.14330612309997
0.78030279119387	0.14329906880513
0.78014205959180	0.14329166802005
0.77996318025999	0.14328387761469
0.77976483714581	0.14327566129038
0.77954584838991	0.14326698940819
0.77930516291485	0.14325783881728
0.77904185701375	0.14324819268327
0.77875513093887	0.14323804031657
0.77844430549031	0.14322737700076
0.77810881860460	0.14321620382093
0.77774822194335	0.14320452749206
0.77736217748185	0.14319236018736
0.77695045409776	0.14317971936660
0.77651292415969	0.14316662760454
0.77604956011586	0.14315311241922
0.77556043108272	0.14313920610032
0.77504569943360	0.14312494553756
0.77450561738731	0.14311037204904
0.77394052359680	0.14309553120956
0.77335083973780	0.14308047267903
0.77273706709742	0.14306525003079
0.77209978316280	0.14304992057998
0.77143963820974	0.14303454521189
0.77075735189136	0.14301918821034
0.77005370982666	0.14300391708601
0.76932956018925	0.14298880240479
0.76858581029589	0.14297391761617
0.76782342319519	0.14295933888158
0.76704341425621	0.14294514490275
0.76624684775709	0.14293141675003
0.76543483347369	0.14291823769081
0.76460852326825	0.14290569301785
0.76376910767796	0.14289386987761
0.76291781250366	0.14288285709864
0.76205589539841	0.14287274501992
0.76118464245618	0.14286362531923
0.76030536480045	0.14285559084151
0.75941939517283	0.14284873542717
0.75852808452174	0.14284315374052
0.75763279859098	0.14283894109807
0.75673491450842	0.14283619329691
0.75583581737461	0.14283500644306
0.75493689685138	0.14283547677983
0.75403954375054	0.14283770051619
0.75314514662244	0.14284177365509
0.75225508834468	0.14284779182185
0.75137074271065	0.14285585009250
0.75049347101825	0.14286604282216
0.74962461865847	0.14287846347337
0.74876551170405	0.14289320444444
0.74791745349806	0.14291035689785
0.74708172124263	0.14293001058856
0.74625956258748	0.14295225369239
0.74545219221861	0.14297717263437
0.74466078844693	0.14300485191712
0.74388648979686	0.14303537394917
0.74313039159501	0.14306881887332
0.74239354255876	0.14310526439503
0.74167694138494	0.14314478561075
0.74098153333843	0.14318745483628
0.74030820684080	0.14323334143514
0.73965779005897	0.14328251164690
0.73903104749378	0.14333502841556
0.73842867656869	0.14339095121792
0.73785130421838	0.14345033589187
0.73729948347738	0.14351323446484
0.73677369006870	0.14357969498208
0.73627431899249	0.14364976133507
0.73580168111463	0.14372347308983
0.73535599975541	0.14380086531531
0.73493740727812	0.14388196841173
0.73454594167771	0.14396680793897
0.73418154316941	0.14405540444486
0.73384405077735	0.14414777329360
0.73353319892323	0.14424392449410
0.73324861401493	0.14434386252831
0.73298981103512	0.14444758617961
0.73275619012993	0.14455508836115
0.73254703319757	0.14466635594420
0.73236150047696	0.14478136958654
0.73219862713634	0.14490010356076
0.73205731986195	0.14502252558269
0.73193635344663	0.14514859663969
0.73183436737845	0.14527827081903
0.73174986242937	0.14541149513627
0.73168119724383	0.14554820936359
0.73162658492743	0.14568834585813
0.73158408963552	0.14583182939042
0.73155162316186	0.14597857697263
0.73152694152725	0.14612849768703
0.73150764156815	0.14628149251427
0.73146157648727	0.14698490714699
0.73148422597991	0.14768258058688
0.73157744677231	0.14837363014543
0.73174285220369	0.14905722136306
0.73198181832895	0.14973256709467
0.73229549002139	0.15039892659526
0.73268478707538	0.15105560460548
0.73315041030910	0.15170195043722
0.73369284766724	0.15233735705915
0.73431238032368	0.15296126018236
0.73500908878423	0.15357313734587
0.73578285898932	0.15417250700224
0.73663338841671	0.15475892760315
0.73756019218417	0.15533199668496
0.73856260915224	0.15589134995430
0.73963980802686	0.15643666037363
0.74079079346217	0.15696763724683
0.74201441216313	0.15748402530476
0.74330935898827	0.15798560379087
0.74467418305238	0.15847218554672
0.74610729382922	0.15894361609761
0.74760696725424	0.15939977273814
0.74917135182727	0.15984056361775
0.75079847471522	0.16026592682636
0.75248624785479	0.16067582947989
0.75423247405519	0.16107026680587
0.75603485310083	0.16144926122899
0.75789098785403	0.16181286145670
0.75979839035774	0.16216114156479
0.76175448793821	0.16249420008291
0.76375662930773	0.16281215908023
0.76580209066732	0.16311516325095
0.76788808180943	0.16340337899991
0.77001175222069	0.16367699352815
0.77217019718453	0.16393621391849
0.77436046388397	0.16418126622110
0.77657955750428	0.16441239453911
0.77882444733571	0.16462986011413
0.78109207287615	0.16483394041186
0.78337934993390	0.16502492820769
0.78568317673034	0.16520313067220
0.78800044000262	0.16536886845681
0.79032802110641	0.16552247477933
0.79266280211857	0.16566429450954
0.79500167193985	0.16579468325473
0.79734153239764	0.16591400644533
0.79967930434863	0.16602263842047
0.80201193378155	0.16612096151353
0.80433639791983	0.16620936513774
0.80664971132437	0.16628824487175
0.80894893199618	0.16635800154522
0.81123116747913	0.16641904032435
0.81349358096265	0.16647176979751
0.81573339738441	0.16651660106080
0.81794790953305	0.16655394680361
0.82013448415087	0.16658422039420
0.82229056803657	0.16660783496529
0.82441369414791	0.16662520249963
0.82650148770442	0.16663673291556
0.82855167229016	0.16664283315261
0.83056207595635	0.16664390625707
0.83253063732414	0.16664035046755
0.83445541168726	0.16663255830057
0.83633457711479	0.16662091563614
0.83816644055379	0.16660580080332
0.83994944393206	0.16658758366581
0.84168217026086	0.16656662470751
0.84336334973753	0.16654327411814
0.84499186584830	0.16651787087874
0.84656676147091	0.16649074184732
0.84808724497739	0.16646220084438
0.84955269633671	0.16643254773853
0.85096267321748	0.16640206753204
0.85231691709074	0.16637102944642
0.85361535933254	0.16633968600800
0.85485812732675	0.16630827213350
0.85604555056772	0.16627700421563
0.85717816676299	0.16624607920862
0.85825672793600	0.16621567371383
0.85928220652879	0.16618594306532
0.86025580150470	0.16615702041543
0.86117894445111	0.16612901582035
0.86205330568211	0.16610201532567
0.86288080034119	0.16607608005203
0.86366359450402	0.16605124528059
0.86440411128106	0.16602751953871
0.86510503692036	0.16600488368546
0.86576932691017	0.16598328999722
0.86640021208173	0.16596266125324
0.86700120471192	0.16594288982124
0.86757610462601	0.16592383674298
0.86812900530031	0.16590533081980
0.86866429996492	0.16588716769825
0.86918668770644	0.16586910895564
0.86970117957064	0.16585088118561
0.87021310466517	0.16583217508370
0.87072811626232	0.16581264453298
0.87125219790164	0.16579190568953
0.87179166949272	0.16576953606811
0.87249126039127	0.16573888952632
0.87316969302360	0.16570742156223
0.87382736278513	0.16567531698883
0.87446469464291	0.16564275142251
0.87508214313563	0.16560989128303
0.87568019237363	0.16557689379358
0.87625935603886	0.16554390698071
0.87682017738495	0.16551106967440
0.87736322923714	0.16547851150798
0.87788911399230	0.16544635291822
0.87839846361896	0.16541470514525
0.87889193965728	0.16538367023262
0.87937023321905	0.16535334102724
0.87983406498772	0.16532380117946
0.88028418521835	0.16529512514298
0.88072137373766	0.16526737817493
0.88114643994399	0.16524061633581
0.88156022280734	0.16521488648952
0.88196359086933	0.16519022630336
0.88235744224323	0.16516666424802
0.88274270461393	0.16514421959759
0.88312033523798	0.16512290242955
0.88349132094356	0.16510271362477
0.88385667813048	0.16508364486751
0.88421745277020	0.16506567864545
0.88457472040581	0.16504878824963
0.88492958615204	0.16503293777452
0.88528318469526	0.16501808211794
0.88563668029348	0.16500416698115
0.88599126677635	0.16499112886878
0.88634816754514	0.16497889508885
0.88670863557279	0.16496738375278
0.88707395340384	0.16495650377540
0.88744543315450	0.16494615487491
0.88782441651261	0.16493622757292
0.88821227473763	0.16492660319443
0.88861040866068	0.16491715386783
0.88902024868451	0.16490774252490
0.88944325478351	0.16489822290084
0.88988091650370	0.16488843953421
0.89033475296276	0.16487822776699
0.89080631284998	0.16486741374454
0.89129717442630	0.16485581441561
0.89180894552430	0.16484323753237
0.89234326354821	0.16482948165036
0.89290179547387	0.16481433612852
0.89348623784878	0.16479758112919
0.89409831679207	0.16477898761810
0.89473978799452	0.16475831736436
0.89541243671851	0.16473532294051
0.89611807779812	0.16470974772245
0.89685855563901	0.16468132588949
0.89763574421852	0.16464978242433
0.89845154708559	0.16461483311307
0.89930789736083	0.16457618454519
0.90020675773648	0.16453353411358
0.90115012047641	0.16448657001452
0.90214000741613	0.16443497124769
0.90317846996280	0.16437840761614
0.90426758909520	0.16431653972634
0.90540947536376	0.16424901898814
0.90660626889055	0.16417548761480
0.90786013936926	0.16409557862295
0.90917328606525	0.16400891583264
0.91054793781548	0.16391511386730
0.91198635302859	0.16381377815375
0.91349081968481	0.16370450492221
0.91506365533606	0.16358688120630
0.91670720710585	0.16346048484304
0.91842385168937	0.16332488447281
0.92021599535341	0.16317963953943
0.92208607393643	0.16302430029007
0.92403655284851	0.16285840777534
0.92606992707136	0.16268149384920
0.92818872115837	0.16249308116904
0.93039548923451	0.16229268319562
0.93269281499643	0.16207980419310
0.93508331171241	0.16185393922905
0.93756962222235	0.16161457417441
0.94015441893781	0.16136118570353
0.94284040384198	0.16109324129415
0.94563030848969	0.16081019922740
0.94852689400740	0.16051150858782
0.95153295109321	0.16019660926333
0.95465130001687	0.15986493194524
0.95788479061976	0.15951589812826
0.96123630231489	0.15914892011051
0.96470874408693	0.15876340099348
0.96830505449216	0.15835873468206
0.97202820165852	0.15793430588454
0.97588118328559	0.15748949011261
0.97986702664456	0.15702365368134
0.98398878857828	0.15653615370921
0.98824955550125	0.15602633811807
0.99265244339958	0.15549354563319
0.99720059783104	0.15493710578323
1.00189719392502	0.15435633890023
1.00674543638256	0.15375055611963
1.01174855947634	0.15311905938027
