S8036 (16%-DEP) clockwise
1.03E+00	1.09E-02
1.02E+00	8.40E-03
1.02E+00	5.67E-03
1.01E+00	3.09E-03
1.00E+00	6.37E-04
9.96E-01	-1.71E-03
9.87E-01	-3.94E-03
9.78E-01	-6.03E-03
9.69E-01	-7.96E-03
9.59E-01	-9.73E-03
9.49E-01	-1.13E-02
9.39E-01	-1.28E-02
9.29E-01	-1.41E-02
9.18E-01	-1.53E-02
9.06E-01	-1.65E-02
8.94E-01	-1.78E-02
8.82E-01	-1.92E-02
8.69E-01	-2.06E-02
8.57E-01	-2.20E-02
8.44E-01	-2.34E-02
8.32E-01	-2.48E-02
8.19E-01	-2.63E-02
8.06E-01	-2.78E-02
7.93E-01	-2.93E-02
7.80E-01	-3.08E-02
7.68E-01	-3.23E-02
7.55E-01	-3.38E-02
7.42E-01	-3.53E-02
7.29E-01	-3.68E-02
7.16E-01	-3.83E-02
7.04E-01	-3.98E-02
6.91E-01	-4.13E-02
6.78E-01	-4.27E-02
6.65E-01	-4.42E-02
6.53E-01	-4.56E-02
6.40E-01	-4.70E-02
6.28E-01	-4.84E-02
6.15E-01	-4.97E-02
6.02E-01	-5.10E-02
5.90E-01	-5.22E-02
5.78E-01	-5.34E-02
5.65E-01	-5.45E-02
5.53E-01	-5.56E-02
5.41E-01	-5.66E-02
5.29E-01	-5.75E-02
5.17E-01	-5.84E-02
5.05E-01	-5.91E-02
4.93E-01	-5.98E-02
4.81E-01	-6.05E-02
4.68E-01	-6.10E-02
4.56E-01	-6.15E-02
4.44E-01	-6.20E-02
4.32E-01	-6.24E-02
4.20E-01	-6.27E-02
4.09E-01	-6.28E-02
3.97E-01	-6.28E-02
3.85E-01	-6.28E-02
3.73E-01	-6.28E-02
3.61E-01	-6.28E-02
3.49E-01	-6.27E-02
3.37E-01	-6.26E-02
3.25E-01	-6.23E-02
3.13E-01	-6.21E-02
3.01E-01	-6.18E-02
2.89E-01	-6.14E-02
2.78E-01	-6.09E-02
2.67E-01	-6.03E-02
2.57E-01	-5.95E-02
2.46E-01	-5.86E-02
2.35E-01	-5.77E-02
2.24E-01	-5.69E-02
2.13E-01	-5.61E-02
2.02E-01	-5.53E-02
1.91E-01	-5.43E-02
1.79E-01	-5.32E-02
1.68E-01	-5.21E-02
1.56E-01	-5.08E-02
1.45E-01	-4.95E-02
1.34E-01	-4.80E-02
1.23E-01	-4.65E-02
1.13E-01	-4.50E-02
1.03E-01	-4.33E-02
9.33E-02	-4.16E-02
8.43E-02	-3.99E-02
7.60E-02	-3.82E-02
6.83E-02	-3.65E-02
6.13E-02	-3.48E-02
5.50E-02	-3.31E-02
4.93E-02	-3.15E-02
4.42E-02	-3.00E-02
3.95E-02	-2.85E-02
3.53E-02	-2.71E-02
3.16E-02	-2.57E-02
2.81E-02	-2.43E-02
2.50E-02	-2.30E-02
2.21E-02	-2.18E-02
1.95E-02	-2.05E-02
1.71E-02	-1.93E-02
1.50E-02	-1.81E-02
1.29E-02	-1.69E-02
1.11E-02	-1.58E-02
9.37E-03	-1.46E-02
7.78E-03	-1.34E-02
6.33E-03	-1.23E-02
4.98E-03	-1.11E-02
3.76E-03	-9.88E-03
2.70E-03	-8.66E-03
1.80E-03	-7.41E-03
1.09E-03	-6.13E-03
5.76E-04	-4.80E-03
2.32E-04	-3.44E-03
3.73E-05	-2.07E-03
-2.85E-05	-6.83E-04
2.14E-05	7.01E-04
1.78E-04	2.08E-03
4.37E-04	3.48E-03
7.96E-04	4.91E-03
1.25E-03	6.39E-03
1.81E-03	7.91E-03
2.45E-03	9.50E-03
3.18E-03	1.11E-02
4.02E-03	1.28E-02
4.95E-03	1.45E-02
6.00E-03	1.63E-02
7.17E-03	1.81E-02
8.47E-03	1.99E-02
9.92E-03	2.18E-02
1.15E-02	2.37E-02
1.33E-02	2.57E-02
1.53E-02	2.77E-02
1.75E-02	2.97E-02
2.00E-02	3.19E-02
2.27E-02	3.40E-02
2.56E-02	3.63E-02
2.89E-02	3.86E-02
3.25E-02	4.10E-02
3.64E-02	4.35E-02
4.08E-02	4.60E-02
4.55E-02	4.86E-02
5.07E-02	5.11E-02
5.64E-02	5.37E-02
6.27E-02	5.64E-02
6.95E-02	5.91E-02
7.69E-02	6.18E-02
8.47E-02	6.45E-02
9.30E-02	6.71E-02
1.02E-01	6.97E-02
1.11E-01	7.22E-02
1.21E-01	7.46E-02
1.30E-01	7.69E-02
1.41E-01	7.92E-02
1.51E-01	8.13E-02
1.62E-01	8.33E-02
1.72E-01	8.52E-02
1.83E-01	8.69E-02
1.94E-01	8.86E-02
2.06E-01	9.01E-02
2.17E-01	9.15E-02
2.28E-01	9.28E-02
2.39E-01	9.40E-02
2.51E-01	9.51E-02
2.62E-01	9.60E-02
2.74E-01	9.69E-02
2.85E-01	9.76E-02
2.97E-01	9.82E-02
3.09E-01	9.88E-02
3.20E-01	9.92E-02
3.32E-01	9.95E-02
3.44E-01	9.97E-02
3.55E-01	9.98E-02
3.67E-01	9.98E-02
3.79E-01	9.97E-02
3.90E-01	9.95E-02
4.02E-01	9.92E-02
4.14E-01	9.88E-02
4.25E-01	9.83E-02
4.37E-01	9.76E-02
4.49E-01	9.69E-02
4.61E-01	9.61E-02
4.73E-01	9.52E-02
4.84E-01	9.42E-02
4.96E-01	9.31E-02
5.08E-01	9.19E-02
5.20E-01	9.06E-02
5.32E-01	8.92E-02
5.44E-01	8.77E-02
5.56E-01	8.62E-02
5.68E-01	8.46E-02
5.80E-01	8.29E-02
5.92E-01	8.11E-02
6.04E-01	7.93E-02
6.16E-01	7.74E-02
6.28E-01	7.54E-02
6.40E-01	7.34E-02
6.52E-01	7.14E-02
6.64E-01	6.93E-02
6.76E-01	6.72E-02
6.87E-01	6.52E-02
6.98E-01	6.33E-02
7.08E-01	6.13E-02
7.18E-01	5.95E-02
7.27E-01	5.79E-02
7.35E-01	5.66E-02
7.43E-01	5.55E-02
7.50E-01	5.44E-02
7.56E-01	5.32E-02
7.62E-01	5.19E-02
7.67E-01	5.05E-02
7.72E-01	4.89E-02
7.77E-01	4.75E-02
7.82E-01	4.63E-02
7.86E-01	4.49E-02
7.90E-01	4.29E-02
7.95E-01	4.07E-02
7.99E-01	3.85E-02
8.04E-01	3.64E-02
8.08E-01	3.48E-02
8.14E-01	3.40E-02
8.20E-01	3.34E-02
8.27E-01	3.27E-02
8.34E-01	3.20E-02
8.43E-01	3.12E-02
8.52E-01	3.03E-02
8.63E-01	2.94E-02
8.74E-01	2.84E-02
8.87E-01	2.74E-02
8.99E-01	2.63E-02
9.12E-01	2.51E-02
9.25E-01	2.40E-02
9.38E-01	2.29E-02
9.50E-01	2.18E-02
9.61E-01	2.07E-02
9.72E-01	1.97E-02
9.82E-01	1.88E-02
9.92E-01	1.79E-02
1.00E+00	1.71E-02
1.01E+00	1.63E-02
1.02E+00	1.56E-02
1.02E+00	1.49E-02
1.03E+00	1.43E-02
