DEP Nacelle clockwise 240 v2
1.16E+00	0.2061479
1.16E+00	0.2061273
1.15E+00	0.2060885
1.15E+00	0.2060462
1.15E+00	0.2059956
1.14E+00	0.2059433
1.14E+00	0.2058874
1.13E+00	0.2058307
1.13E+00	0.2057719
1.12E+00	0.2057128
1.12E+00	0.2056532
1.11E+00	0.2055923
1.11E+00	0.2055317
1.10E+00	0.2054711
1.10E+00	0.2054096
1.09E+00	0.2053479
1.09E+00	0.2052866
1.08E+00	0.2052247
1.08E+00	0.2051623
1.07E+00	0.2051011
1.07E+00	0.2050403
1.06E+00	0.204976
1.06E+00	0.2049107
1.05E+00	0.2048537
1.05E+00	0.2048047
1.04E+00	0.2047444
1.04E+00	0.2046576
1.03E+00	0.2045662
1.03E+00	0.2045325
1.03E+00	0.2046209
1.02E+00	0.2048614
1.02E+00	0.2052381
1.01E+00	0.2056957
1.01E+00	0.2061653
1.00E+00	0.2066089
1.00E+00	0.2070285
9.95E-01	0.2074432
9.90E-01	0.2078661
9.86E-01	0.2082992
9.81E-01	0.2087398
9.76E-01	0.2091848
9.71E-01	0.2096299
9.66E-01	0.2100704
9.61E-01	0.2105071
9.56E-01	0.2109453
9.52E-01	0.2113881
9.47E-01	0.2118308
9.42E-01	0.212268
9.37E-01	0.2127029
9.32E-01	0.213143
9.27E-01	0.2135869
9.23E-01	0.2140239
9.18E-01	0.2144514
9.13E-01	0.2148795
9.08E-01	0.2153137
9.03E-01	0.2157405
8.99E-01	0.2161475
8.94E-01	0.2165515
8.90E-01	0.2169978
8.86E-01	0.2175248
8.82E-01	0.2181392
8.77E-01	0.2188333
8.73E-01	0.2196189
8.69E-01	0.2205287
8.65E-01	0.2215824
8.61E-01	0.2227556
8.57E-01	0.223983
8.52E-01	0.2252189
8.48E-01	0.2264553
8.43E-01	0.2276825
8.39E-01	0.2288796
8.34E-01	0.2300369
8.29E-01	0.231158
8.25E-01	0.2322454
8.20E-01	0.2333026
8.16E-01	0.2343442
8.11E-01	0.2353914
8.07E-01	0.2364558
8.02E-01	0.237537
7.98E-01	0.2386422
7.94E-01	0.2397887
7.90E-01	0.2409832
7.86E-01	0.2422289
7.82E-01	0.243538
7.78E-01	0.2449192
7.74E-01	0.2463843
7.70E-01	0.2479637
7.67E-01	0.2496491
7.63E-01	0.25137
7.59E-01	0.2531154
7.56E-01	0.254924
7.52E-01	0.2567144
7.49E-01	0.2584021
7.46E-01	0.2600316
7.44E-01	0.2616232
7.42E-01	0.2631252
7.39E-01	0.2645289
7.38E-01	0.2658797
7.36E-01	0.2672032
7.35E-01	0.2684895
7.33E-01	0.2697185
7.32E-01	0.2708779
7.31E-01	0.2719652
7.30E-01	0.2729841
7.30E-01	0.2739403
7.29E-01	0.27484
7.28E-01	0.2756907
7.28E-01	0.2765004
7.27E-01	0.277277
7.27E-01	0.2780253
7.27E-01	0.2787467
7.26E-01	0.2794398
7.26E-01	0.2801032
7.26E-01	0.2807369
7.26E-01	0.2813429
7.25E-01	0.2819262
7.25E-01	0.2824912
7.25E-01	0.2830392
7.25E-01	0.2835681
7.25E-01	0.2840807
7.25E-01	0.284583
7.26E-01	0.2850864
7.26E-01	0.2855976
7.26E-01	0.2861167
7.26E-01	0.2866457
7.27E-01	0.2871852
7.27E-01	0.2877332
7.28E-01	0.2882861
7.28E-01	0.2888425
7.29E-01	0.2894024
7.29E-01	0.2899686
7.30E-01	0.2905445
7.31E-01	0.2911335
7.32E-01	0.2917383
7.33E-01	0.2923612
7.34E-01	0.2930032
7.35E-01	0.2936625
7.36E-01	0.2943347
7.38E-01	0.295016
7.40E-01	0.2957038
7.41E-01	0.2963939
7.44E-01	0.2970769
7.46E-01	0.2977449
7.48E-01	0.2983949
7.51E-01	0.2990191
7.54E-01	0.2996099
7.57E-01	0.3001734
7.61E-01	0.3006967
7.65E-01	0.3011417
7.68E-01	0.3014976
7.72E-01	0.3017681
7.76E-01	0.3019412
7.80E-01	0.302021
7.84E-01	0.3020227
7.89E-01	0.3019425
7.93E-01	0.3017828
7.98E-01	0.3015638
8.02E-01	0.3012923
8.07E-01	0.300968
8.11E-01	0.3006114
8.16E-01	0.3002453
8.21E-01	0.2998714
8.26E-01	0.2994856
8.30E-01	0.2990864
8.35E-01	0.2986646
8.40E-01	0.2982098
8.45E-01	0.297727
8.49E-01	0.2972259
8.54E-01	0.2967033
8.59E-01	0.296151
8.63E-01	0.2955733
8.68E-01	0.2949796
8.73E-01	0.2943679
8.78E-01	0.2937303
8.82E-01	0.2930693
8.87E-01	0.2923946
8.92E-01	0.2917067
8.97E-01	0.2909973
9.01E-01	0.2902656
9.06E-01	0.2895215
9.11E-01	0.28877
9.16E-01	0.2880034
9.20E-01	0.2872159
9.25E-01	0.2864151
9.30E-01	0.2856097
9.35E-01	0.2847946
9.39E-01	0.2839607
9.44E-01	0.283112
9.49E-01	0.2822599
9.54E-01	0.2814036
9.58E-01	0.280532
9.63E-01	0.2796432
9.68E-01	0.2787512
9.73E-01	0.277861
9.77E-01	0.27696
9.82E-01	0.276042
9.87E-01	0.2751216
9.92E-01	0.2742098
9.96E-01	0.2732932
1.00E+00	0.2723642
1.01E+00	0.2714423
1.01E+00	0.2705451
1.01E+00	0.2696586
1.02E+00	0.2687763
1.02E+00	0.2679384
1.03E+00	0.2671638
1.03E+00	0.2663895
1.03E+00	0.265474
1.04E+00	0.264285
1.04E+00	0.2627874
1.04E+00	0.261072
1.05E+00	0.2593413
1.05E+00	0.2576622
1.05E+00	0.2559768
1.06E+00	0.2542187
1.06E+00	0.252367
1.07E+00	0.2504496
1.07E+00	0.2485051
1.07E+00	0.2465278
1.08E+00	0.2445208
1.08E+00	0.2425076
1.09E+00	0.2404911
1.09E+00	0.2384682
1.10E+00	0.2364577
1.10E+00	0.2344629
1.10E+00	0.2324789
1.11E+00	0.2305199
1.11E+00	0.2285924
1.12E+00	0.2266899
1.12E+00	0.2248221
1.13E+00	0.2229968
1.13E+00	0.2212106
1.13E+00	0.2194762
1.14E+00	0.2178016
1.14E+00	0.2161942
1.15E+00	0.214674
1.15E+00	0.2132527
1.15E+00	0.2119512
1.16E+00	0.2107812
1.16E+00	0.2098936
