ntest
    1.159998      0.2061480    
    1.157313      0.2061793    
    1.153826      0.2062129    
    1.149947      0.2062489    
    1.145753      0.2062891    
    1.141334      0.2063336    
    1.136770      0.2063831    
    1.132117      0.2064391    
    1.127411      0.2065005    
    1.122675      0.2065665    
    1.117922      0.2066357    
    1.113163      0.2067103    
    1.108397      0.2067902    
    1.103628      0.2068737    
    1.098859      0.2069619    
    1.094089      0.2070554    
    1.089318      0.2071530    
    1.084548      0.2072546    
    1.079778      0.2073616    
    1.075008      0.2074735    
    1.070237      0.2075893    
    1.065468      0.2077096    
    1.060699      0.2078354    
    1.055929      0.2079658    
    1.051159      0.2081003    
    1.046390      0.2082393    
    1.041622      0.2083836    
    1.036853      0.2085327    
    1.032085      0.2086859    
    1.027319      0.2088435    
    1.022555      0.2090065    
    1.017793      0.2091749    
    1.013032      0.2093485    
    1.008275      0.2095274    
    1.003522      0.2097128    
   0.9987713      0.2099053    
   0.9940230      0.2101048    
   0.9892778      0.2103113    
   0.9845368      0.2105254    
   0.9797996      0.2107480    
   0.9750650      0.2109796    
   0.9703330      0.2112199    
   0.9656047      0.2114692    
   0.9608807      0.2117282    
   0.9561605      0.2119978    
   0.9514428      0.2122781    
   0.9467281      0.2125690    
   0.9420178      0.2128708    
   0.9373128      0.2131842    
   0.9326119      0.2135103    
   0.9279147      0.2138487    
   0.9232235      0.2141988    
   0.9185428      0.2145614    
   0.9138750      0.2149378    
   0.9092222      0.2153275    
   0.9045973      0.2157256    
   0.9000325      0.2161285    
   0.8955684      0.2165435    
   0.8912272      0.2169906    
   0.8870014      0.2174931    
   0.8828661      0.2180687    
   0.8787964      0.2187279    
   0.8747687      0.2194817    
   0.8707477      0.2203446    
   0.8666793      0.2213272    
   0.8625046      0.2224225    
   0.8581942      0.2236007    
   0.8537734      0.2248212    
   0.8492978      0.2260545    
   0.8448083      0.2272850    
   0.8403291      0.2284954    
   0.8358524      0.2296755    
   0.8313562      0.2308314    
   0.8268395      0.2319747    
   0.8223253      0.2331044    
   0.8178253      0.2342090    
   0.8133287      0.2352865    
   0.8088429      0.2363510    
   0.8044148      0.2374175    
   0.8000616      0.2384991    
   0.7957924      0.2396006    
   0.7916221      0.2407269    
   0.7875605      0.2418877    
   0.7836111      0.2430947    
   0.7797710      0.2443638    
   0.7760230      0.2457176    
   0.7723331      0.2471766    
   0.7686659      0.2487438    
   0.7650104      0.2504011    
   0.7613881      0.2521272    
   0.7578271      0.2539098    
   0.7543536      0.2557224    
   0.7510231      0.2575135    
   0.7479099      0.2592494    
   0.7450577      0.2609210    
   0.7424814      0.2625152    
   0.7401876      0.2640274    
   0.7381703      0.2654752    
   0.7364071      0.2668776    
   0.7348664      0.2682369    
   0.7335159      0.2695406    
   0.7323272      0.2707736    
   0.7312778      0.2719266    
   0.7303510      0.2729995    
   0.7295340      0.2739983    
   0.7288162      0.2749323    
   0.7281886      0.2758110    
   0.7276436      0.2766429    
   0.7271734      0.2774343    
   0.7267699      0.2781893    
   0.7264241      0.2789099    
   0.7261265      0.2795972    
   0.7258695      0.2802525    
   0.7256485      0.2808775    
   0.7254631      0.2814751    
   0.7253164      0.2820498    
   0.7252163      0.2826042    
   0.7251713      0.2831377    
   0.7251879      0.2836498    
   0.7252691      0.2841467    
   0.7254156      0.2846344    
   0.7256277      0.2851206    
   0.7259007      0.2856077    
   0.7262271      0.2860958    
   0.7266010      0.2865892    
   0.7270214      0.2870924    
   0.7274889      0.2876085    
   0.7280071      0.2881388    
   0.7285813      0.2886844    
   0.7292180      0.2892463    
   0.7299241      0.2898261    
   0.7307080      0.2904255    
   0.7315791      0.2910461    
   0.7325496      0.2916886    
   0.7336335      0.2923527    
   0.7348471      0.2930377    
   0.7362084      0.2937428    
   0.7377367      0.2944665    
   0.7394521      0.2952054    
   0.7413742      0.2959542    
   0.7435187      0.2967052    
   0.7458946      0.2974468    
   0.7485030      0.2981622    
   0.7513367      0.2988332    
   0.7543821      0.2994406    
   0.7576272      0.2999646    
   0.7610728      0.3003914    
   0.7647289      0.3007273    
   0.7685886      0.3009968    
   0.7726057      0.3012201    
   0.7767140      0.3013945    
   0.7808714      0.3015016    
   0.7850768      0.3015277    
   0.7893515      0.3014746    
   0.7937125      0.3013559    
   0.7981612      0.3011879    
   0.8026858      0.3009858    
   0.8072581      0.3007643    
   0.8118351      0.3005288    
   0.8163854      0.3002689    
   0.8209131      0.2999689    
   0.8254446      0.2996240    
   0.8299969      0.2992421    
   0.8345646      0.2988328    
   0.8391333      0.2983982    
   0.8436980      0.2979334    
   0.8482691      0.2974334    
   0.8528647      0.2968988    
   0.8574958      0.2963383    
   0.8621550      0.2957635    
   0.8668206      0.2951812    
   0.8714744      0.2945896    
   0.8761126      0.2939833    
   0.8807387      0.2933595    
   0.8853533      0.2927175    
   0.8899568      0.2920544    
   0.8945578      0.2913655    
   0.8991723      0.2906495    
   0.9038116      0.2899115    
   0.9084741      0.2891593    
   0.9131499      0.2883981    
   0.9178313      0.2876293    
   0.9225144      0.2868541    
   0.9271926      0.2860748    
   0.9318546      0.2852929    
   0.9364888      0.2845059    
   0.9410901      0.2837070    
   0.9456662      0.2828863    
   0.9502376      0.2820357    
   0.9548299      0.2811554    
   0.9594527      0.2802585    
   0.9640857      0.2793655    
   0.9687301      0.2784828    
   0.9733878      0.2776039    
   0.9780472      0.2767212    
   0.9827017      0.2758326    
   0.9873454      0.2749387    
   0.9919715      0.2740372    
   0.9965820      0.2731267    
    1.001171      0.2722195    
    1.005721      0.2713347    
    1.010229      0.2704733    
    1.014649      0.2696273    
    1.018928      0.2687938    
    1.023001      0.2679804    
    1.026796      0.2671726    
    1.030298      0.2663055    
    1.033580      0.2652857    
    1.036768      0.2640368    
    1.040017      0.2625290    
    1.043451      0.2607996    
    1.047079      0.2589583    
    1.050880      0.2570794    
    1.054834      0.2551698    
    1.058893      0.2532341    
    1.063014      0.2512940    
    1.067188      0.2493592    
    1.071414      0.2474236    
    1.075672      0.2454876    
    1.079953      0.2435575    
    1.084264      0.2416305    
    1.088600      0.2396993    
    1.092946      0.2377665    
    1.097299      0.2358362    
    1.101650      0.2339060    
    1.105993      0.2319750    
    1.110321      0.2300539    
    1.114629      0.2281510    
    1.118910      0.2262715    
    1.123159      0.2244264    
    1.127379      0.2226208    
    1.131563      0.2208588    
    1.135700      0.2191520    
    1.139781      0.2175076    
    1.143779      0.2159374    
    1.147658      0.2144584    
    1.151368      0.2130860    
    1.154852      0.2118404    
    1.158053      0.2107334    
    1.160575      0.2098936    
